MatchID,PeriodID,ID,0,1,2,3,4,5,6,7,8,9,10,11,12,13,14,15,16,17,18,19,20,21,22,23,24,25,26,27,28,29,30,31,32,33,34,35,36,37,38,39,40,41,42,43,44,45,46,47,48,49
6,0,6_0,0.16554834955950046,0.33262187241455593,0.1128845484067336,-0.4258960689165456,-0.09097946332435049,0.09688441483300617,0.3166010615749332,0.1463556233707018,0.1118979407465355,0.1576499984103734,0.0729015471318692,-0.10245964715325032,-2.840525646162572,0.07365734690943691,0.004908214154847934,-0.05351832604577856,0.05163757787296538,-0.005851180693316359,-0.2523661129851431,0.06854740568597165,0.13740015216615697,0.02364155910766123,0.1925215405171295,-0.038846883787079664,-0.0232122525333369,0.35829931537924586,0.20259833905127658,0.042288432125328373,-0.1438364029897873,-0.05166824661737234,0.25467071464314195,-0.07460725628823504,0.2308208367354526,0.0383330615695124,0.6172591745695573,-0.0752767594702184,0.11544095085293192,-0.09617288149333406,-0.12018622230522137,0.3985980138002427,-0.6231981749635842,-0.03794982226297133,0.18914729675863762,0.28879712707110505,0.0834562523653244,-0.080644013517994,-0.001536511060206935,-0.22735629996513726,0.14982021296265555,0.03932544651952977
6,1,6_1,0.17730178351688033,0.34293379229531296,0.12287994482438395,-0.45797318549839994,-0.12429506361716727,0.06836900563112165,0.2828703955084661,0.19446144981668168,0.09477863334670479,0.1728226459142815,0.10641363185890673,-0.08212469773288807,-2.8074563165021136,0.05743477173366642,0.010784449149491039,-0.07232651783489094,0.03525490949627928,-0.014700779576224609,-0.2563555027001101,0.06126516122830941,0.14214569738079216,0.04039628467419081,0.19435669134858727,-0.04875373332196109,-0.0039899062002008295,0.3285757744089173,0.23217219929747174,0.0526384774735576,-0.14890043467136863,-0.0649423437821805,0.24472452546337362,-0.06540101276309013,0.24770062810017002,0.03428087626151024,0.6184441879704635,-0.06409003652302867,0.09812218885416693,-0.08718720572042471,-0.13042796206651736,0.42771735393851085,-0.6695463674013291,-0.0528508658858608,0.18228093640317858,0.3298396788594921,0.06267387513765374,-0.07798509955766476,-0.012303611681655271,-0.21806591299178235,0.15831954704161744,-0.00389498557253718
6,2,6_2,0.19312497214924493,0.3433745957040292,0.1241355365480309,-0.4682899601604432,-0.12563967131164358,0.08546162943789506,0.27263572563318383,0.18785797137845217,0.11173959125713637,0.17620337831035052,0.0978530467095568,-0.08395176505580647,-2.7382947833570714,0.07555005549874208,0.025087405472901357,-0.06838883505942785,0.014092963911937421,-0.006014017050440761,-0.24814184667727565,0.06885094315336686,0.1705267284065485,0.07055231605860571,0.2186107121659953,-0.03883398840305944,0.009909320039330177,0.3606517794199148,0.22633277067455324,0.06681615228965296,-0.15703098591008824,-0.05974927614339347,0.25249227118002227,-0.07474991867688727,0.27943903190109315,0.009400690003770263,0.6090926767110008,-0.07837741553068978,0.1298251339333285,-0.09668247231285483,-0.12438961898266937,0.43875501579286097,-0.6465935441984297,-0.05227780395557415,0.19105553160021274,0.3096770259178537,0.06333930142070741,-0.08470080206704912,-0.020663958438991072,-0.2502965262489814,0.18441595129526384,0.03569467661532331
6,3,6_3,0.15797600008857746,0.3553392408335561,0.06907698112265807,-0.4590622617409975,-0.17782358969962325,0.06657166687492531,0.2619826981626321,0.18727031217541254,0.06001785860624745,0.2075451162580203,0.07819870462145416,-0.04452842539626985,-2.7962872466092468,0.039899691727490576,0.020588028029775277,-0.07589982435300005,0.07158093086881338,-0.04012629480641936,-0.267523129947824,0.058194838250268714,0.1293267746924758,0.07014560259412975,0.18804498671614114,-0.02073981361654562,0.010514961871799202,0.30489519305767554,0.22849072958643157,0.07476064082265141,-0.15008647087310512,-0.05478578264729911,0.22990415254908222,-0.01933914242864346,0.22742123595133465,0.020832023980666792,0.5282683265760981,-0.04264749090922045,0.08953884020288129,-0.09057821412389266,-0.11330819221542678,0.4421853338718735,-0.6628940326847657,-0.018654606212931937,0.19512841489519023,0.33574101189551975,0.058858861448337144,-0.06694852481808974,0.011493366732892972,-0.21592803331347363,0.16471009827425492,-0.01638899530754775
6,4,6_4,0.17392124367636033,0.345343337766493,0.10170167241168145,-0.472446754797612,-0.1429571591114806,0.06234031312233301,0.28230792374182817,0.18049773452060397,0.10012932316494871,0.1914067863018825,0.09882605221198015,-0.07211595672859819,-2.8329229013718935,0.054149348966294544,0.02800522721387962,-0.0895534973817919,0.028522067473622393,-0.005712773830088341,-0.27343352362332163,0.03833763707974786,0.15964857474869318,0.032463661759991096,0.20354441388873665,-0.04673791810330223,0.018359033460839874,0.30583433679607436,0.22809404300970718,0.08766580184646594,-0.13828300792693912,-0.04076983588709442,0.27016483568208843,-0.057556625400464065,0.2509477268243712,0.0259908141741538,0.6071685311632136,-0.07533195247245872,0.11866895222961636,-0.08251015466248501,-0.1190581823675486,0.4674163805672511,-0.6903954742532609,-0.03739957266290314,0.18427872378036708,0.34222607169224806,0.07271024897865416,-0.05693979741481136,-0.028345220396054586,-0.24087306219110538,0.18717759007208892,0.012600397253971671
6,5,6_5,0.17934614381635886,0.35418113329775364,0.0975326620921598,-0.44379660998569626,-0.13367641334009533,0.05561871822053799,0.2727187704916033,0.18371242854914915,0.08473069974713669,0.20785621459907477,0.052169708644203706,-0.04760946795870824,-2.7503677566609332,0.029117107236122534,0.01307303981366949,-0.09206841008532698,0.08588310803916563,-0.022797162425462276,-0.2626462401398881,0.07104216569023698,0.13282000014559128,0.06615128391149076,0.21668157018725223,-0.03623390134497533,0.03498327008029724,0.3110000649349134,0.20583981156835662,0.10240465778248588,-0.1506317470908066,-0.04421228036211492,0.25976906559383134,-0.017767107363508516,0.25135792592335787,0.017774207844087838,0.5795505762408347,-0.09796992279167582,0.10620826216509646,-0.07604121686709418,-0.094833148275391,0.43675852523375464,-0.6453539111077905,-0.023666542100278735,0.17482836504401597,0.35950150336874526,0.06010006960785369,-0.05483116678603482,0.02442585255072109,-0.2233031203219252,0.189699672813628,0.0014988879205439735
6,6,6_6,0.1825756703393019,0.3429844372687387,0.12701653747337024,-0.4177262081756633,-0.13954777646656832,0.07465425682680832,0.3045705564732545,0.18188920104184006,0.08983886919490043,0.18323199665201303,0.07331062899735678,-0.07129778455648328,-2.801829311174786,0.03994324293209742,0.01419432179792684,-0.07621152392411097,0.040465049892110236,-0.017017162555560503,-0.2550558475920107,0.04974884915173609,0.1459346253502521,0.06141502193429102,0.20829188768244228,-0.035239989260993136,0.026615968149534062,0.33887093277453956,0.19265989881318415,0.060448267135638535,-0.12510101132469842,-0.07506767255896625,0.2140816308889554,-0.07605298011742011,0.2574654589094113,-0.00022901543169242348,0.5979894151481504,-0.07377288931786259,0.11416089416149947,-0.09256698285966022,-0.10745622755670747,0.4209458076653693,-0.6486762743002941,-0.06079038900618754,0.167847222259954,0.3335659654542836,0.04547176669545979,-0.06499968550231272,0.011750556142629794,-0.21504530226137958,0.16675459678849763,0.0023384782548875075
6,7,6_7,0.17487107124321077,0.36737876397954233,0.10229811404896742,-0.423823746406318,-0.1494785642187873,0.06912103559488407,0.3028447848513297,0.20108297840389566,0.10473956827501504,0.20027072100063736,0.03629930169978409,-0.06978685210412584,-2.834036777462856,0.03457122036456754,0.03750499924385229,-0.07437726292496168,0.03740128718011054,-0.013762527322022058,-0.2573450462163978,0.07234262448558038,0.1676925853463206,0.03697466208307751,0.19122602591538274,-0.002130309937781953,0.02337141727445141,0.3293572919797885,0.22028797934170277,0.08060695168142833,-0.12018506693868718,-0.07453215373935103,0.2569986755029445,-0.0505849129551257,0.2513842690681441,0.02985708189276516,0.5744891610610253,-0.06572808830376878,0.1076540848382901,-0.07870606141611944,-0.1125881517904036,0.422247713912266,-0.6285432198762723,-0.06897822319494738,0.1798355774219853,0.3386778338782829,0.03370357039849846,-0.05396634869832247,0.017063246537962883,-0.2164126048528375,0.15896027088595552,0.021351248982098718
6,8,6_8,0.17521583162565516,0.36593388620539685,0.08854269940800366,-0.4391286295845452,-0.15872093065012796,0.045005793052952374,0.26656416473399513,0.1917256588845796,0.10116108408007417,0.20508574563148474,0.05374930628956071,-0.05502134873837668,-2.780399555359444,0.018501708695977708,0.008286138831631002,-0.07826959446914253,0.0318796642207928,-0.030169169784754677,-0.26807094925341546,0.046241463074098633,0.15102993309737675,0.06538679125637196,0.18107028824564436,-0.008421620755901655,0.01305008468415289,0.33545052459511066,0.22181072975619337,0.08328617537830936,-0.15137860314618035,-0.05063506209378192,0.2534486404617562,-0.015893482961938342,0.2609458634279511,0.018405708920526707,0.5504407375375825,-0.06317634665930684,0.09596411745942598,-0.06414483132609022,-0.10015671573340638,0.4268854673173496,-0.6284096917595092,-0.0347805597206508,0.1747128437690855,0.3432780230815529,0.041436627814478245,-0.06866148585998742,0.012704563025431027,-0.21248123688019138,0.18638628504358412,0.014100621578034631
6,9,6_9,0.16764575682294316,0.376718848609865,0.06503460205310858,-0.4597106614507136,-0.18507184733200824,0.049574367129369766,0.2523105241717462,0.1986869251283328,0.10544869701875173,0.21450025924964541,0.051776907615235096,-0.049216756143257455,-2.7905351404699457,0.028792365866415284,0.00807597698904786,-0.08288406277501659,0.04797328312171787,-0.027584992775106988,-0.2824512958039091,0.053779724788216805,0.16050399658502845,0.04796718365355802,0.20286888006282955,-0.009635076777125903,0.0187031865804019,0.35485683773163373,0.23344716013587713,0.10045718563078726,-0.161020892668018,-0.047246153723742614,0.2691414949502716,-0.019306843505230896,0.2583237162198021,0.025842619344630512,0.548187603655862,-0.08030046469327937,0.09559478091720523,-0.07603102110595883,-0.10019835798060064,0.4412281384153734,-0.6458752892147531,-0.0373103627770696,0.19272588799989274,0.37164462117874364,0.04946389238405444,-0.07026611315554299,-0.002837357813604341,-0.234792088998838,0.20050275962690534,0.020583513730414994
6,10,6_10,0.18051337387595554,0.3881315972789658,0.07617961848444257,-0.5122383785651978,-0.1562309428463449,0.04570406571125099,0.2234272843808657,0.20210058791861307,0.11551009619408156,0.21967385462260408,0.07866031710399501,-0.04667657937370012,-2.710931295243223,0.050130770947941286,0.011576556274079,-0.09149564248418296,0.03651912804873018,-0.013864116762644554,-0.27475853027235414,0.07922269897683393,0.16707243061090354,0.053191754646490653,0.19770535453229415,-0.03350672981524778,0.03674648605256185,0.3119059969481528,0.2221189068400449,0.12127354294042748,-0.17962671760820603,-0.0012014880422588912,0.3065520027763138,-0.02759119397242989,0.28570160495721725,0.033452669642310896,0.6034155713032798,-0.11761045492230321,0.10227725949011113,-0.07775632035708398,-0.10485905618212457,0.47131240120832557,-0.6668698686823948,0.001499033794918649,0.18914183247509522,0.3615423228481569,0.06100686804010257,-0.04738179465242379,-0.02792151943528949,-0.27350813091971016,0.231416346293047,0.03581800769028146
6,11,6_11,0.18240919676024017,0.35985215782639596,0.08734495029573959,-0.4641658861551973,-0.1412286059940649,0.060390643895769744,0.27259165352073556,0.20497413855856625,0.1200543198999456,0.20915979096994472,0.07724998917798369,-0.054689392917571446,-2.8283505036721324,0.04748974439673759,0.0005069816907255555,-0.07677907715326183,0.028078659955365293,-0.02796040184853091,-0.2707051123506364,0.0840687426704554,0.15840555770788992,0.03132592123109408,0.2076722913122383,-0.03560013542187525,0.007661355563622969,0.34773436687120673,0.1993496339914258,0.09693030531290843,-0.16199627172488532,-0.03151405226735302,0.27150355070854687,-0.04881475344809384,0.25870012202662346,0.02755919225081796,0.6048692149020314,-0.09446837471098922,0.11615733188856037,-0.09533317105826457,-0.09886541968428149,0.4325992337623896,-0.6672007010002493,-0.020119561200078143,0.186836682197066,0.3384831368494818,0.06286516352177242,-0.06336143671176711,-0.010050756322431721,-0.2528274509855377,0.2113892979969403,0.03281702259912873
6,12,6_12,0.20102998318936444,0.35971731680538505,0.09023809616290965,-0.4583694585431367,-0.13515716637123842,0.07277253484429093,0.299589006109396,0.19118478517979384,0.12344933857931756,0.2035011336285388,0.053136689708102494,-0.05922498719926443,-2.8506384164094927,0.049627185862977055,0.009099644613335841,-0.08438113183900714,0.0495746920107631,-0.03327999763764092,-0.2706066806009039,0.08284471925522667,0.1788065189068202,0.05580297841754509,0.210904309475678,-0.03469324162881821,0.004203211596788606,0.35514924297947437,0.205552506478969,0.07592002225655596,-0.15145191103010439,-0.05205293082953722,0.2683986965930089,-0.04375716937938705,0.259547700480558,0.034637541330695965,0.5960159600502811,-0.09446404246916063,0.1092389785796986,-0.08440050132610485,-0.12251870752638205,0.4274226303482428,-0.6404503549337387,-0.03036618705559522,0.17950357800070196,0.3401688392134383,0.06358154251880478,-0.06947047550493153,0.010435164632159285,-0.2320908224992454,0.1806368911654281,0.03552975445263473
6,13,6_13,0.16455455438027694,0.3586542551705419,0.12081125093679582,-0.44556014083938356,-0.13639675206053783,0.082218061901995,0.30053441957801347,0.18690653483468309,0.1116580341563472,0.1564350471878267,0.058550250037483605,-0.09525663845780147,-2.7530111976571985,0.07459232186020755,0.01872565090394215,-0.09321926727519698,0.03164849410788995,-0.03340690521292492,-0.24303871339191221,0.07683845141615199,0.1662729472426125,0.026450011282183883,0.21243314191736784,-0.045539818343345646,0.016493121047157427,0.3697895792623361,0.18764324507677113,0.06872136666972258,-0.1477949929108732,-0.06592061504895216,0.24032425559372306,-0.07885980056226463,0.25095555544812503,0.024108623823783936,0.583090840192797,-0.09411200952033412,0.1176636033643746,-0.10103799662707995,-0.10625322468328155,0.40974605403345515,-0.6185618092899572,-0.049880442263292114,0.182150302031906,0.3203648845906378,0.05990492777968652,-0.051211618587871814,0.0033046931441588043,-0.23621040927956766,0.17939684257275534,0.021534747541761486
6,14,6_14,0.1866184175771059,0.36097150171089615,0.10829095787532671,-0.42283635475919246,-0.13700994784290524,0.08765872799632177,0.2660598807643218,0.16859937991196644,0.11378324152239265,0.157635879584406,0.08658306214792326,-0.08465337581078923,-2.8005766741565017,0.064781089626859,0.024134957025852232,-0.08765790322075753,0.04010653383244675,-0.0187632335004761,-0.22637646937790812,0.07672917055715431,0.15886232701912129,0.021735761480120203,0.21254938804660106,-0.039766057317561755,0.0036138693316563183,0.35136613108662657,0.20352918359375202,0.05702574203631664,-0.14318418609326272,-0.08084899117184292,0.2432903749486584,-0.07498158376626231,0.25756687460389793,0.01859440619141775,0.5901182608911222,-0.08291478717723638,0.11479557774050665,-0.07880229605290934,-0.12031780324022415,0.41217656815871684,-0.6215165522095663,-0.05092257212863011,0.18505533098977112,0.3103929123452993,0.07502600734046577,-0.07406482871472443,-0.009099083726045695,-0.21674055660490288,0.17053168768810753,0.006437787948727602
6,15,6_15,0.1741105594489884,0.3359805405087792,0.09338390593116995,-0.4187001411954662,-0.1381138205874627,0.05276316379780298,0.30390412216573687,0.17334051582077006,0.12042056392733734,0.17443588219220357,0.05526663950565437,-0.07449616455654665,-2.8436459194009123,0.024869648513581175,-0.013683960326578837,-0.06828347715390219,0.02337846679205001,-0.04342016027866131,-0.22888159994189475,0.09475733210978093,0.16439723720595595,0.04613726205882683,0.19957882968207072,-0.02564573552520884,-0.022349255559754887,0.35081784327285476,0.16047550257900475,0.06705408163015618,-0.15773022069485734,-0.07053844591843829,0.2316889829660515,-0.04966096151082848,0.22175410297043796,0.010647591881794281,0.571052774591218,-0.0709599943208789,0.09758660215971598,-0.09049249161874356,-0.11274445352527047,0.384280105209065,-0.6215375867047972,-0.02944739105034067,0.19542856533387368,0.28818308705064866,0.04344762103445956,-0.07330817649678895,0.020317112019216477,-0.2268343599217977,0.15616553569752495,0.028216213406317317
6,16,6_16,0.15516996072391068,0.3475188975338127,0.11772349956482865,-0.41020454641593296,-0.14398500505307812,0.08414813046326894,0.29259973493875924,0.14986996451521037,0.10571586124844358,0.1486131372247421,0.05931485965080726,-0.08562685760654073,-2.818790083873772,0.03995884708840781,-0.010964676030056863,-0.07670481621516412,0.054821380808451746,-0.03598839519259626,-0.2282195325054139,0.0615299929311209,0.16714236128888466,0.030448117526248097,0.19717986682467553,-0.03087731539536669,-0.011897681007316144,0.3727874512662888,0.18511038422891257,0.041476135129948334,-0.16345804584948737,-0.08212232964986818,0.23680673980134578,-0.04385800896739465,0.23955348851354402,0.012003304038150097,0.5251965961212705,-0.05872717788401143,0.09781746996526919,-0.09258989566915479,-0.09750246532849723,0.4088188382102634,-0.5843570597959866,-0.04321879485146628,0.17178262901927405,0.31365475874578214,0.06274865610886805,-0.05839665480517304,0.012696560127883703,-0.19519990388313405,0.12625962821766734,0.031113081916673165
6,17,6_17,0.15849099003990327,0.3363750772839871,0.12152021485208823,-0.40083407910841834,-0.1362397022783341,0.07876294300573872,0.3036030238779457,0.12033742446750523,0.09486977087351996,0.15201040982787634,0.040959364731068926,-0.05641905588050008,-2.8512487237279878,0.029538600767012365,0.004978278279404218,-0.04856431473099409,0.062333307048501305,-0.05033783867153263,-0.27266123855142005,0.05754714181005548,0.1294724980191409,0.029863248852917194,0.192167428598467,0.031694767926620196,-0.03627889048465432,0.41103127591982,0.1708338135822,0.013179566196541898,-0.15053699893976125,-0.06717137516475216,0.26506671857913183,0.0015415826710678908,0.24183152752830717,-0.012628930400358014,0.5030658588100552,-0.02032269365044522,0.056702438016352046,-0.061672939668405535,-0.067956668440288,0.3873828696525741,-0.5779843541775577,-0.03848612925727758,0.18602075085809955,0.2682358378385407,0.058466359163530775,-0.06886634353373292,-0.002517146765597452,-0.19071933158348156,0.144489361864832,0.07303530483709661
6,18,6_18,0.16447937925098008,0.32426875583166476,0.1342379059715505,-0.39063153573432274,-0.11535546528009605,0.08546253369653002,0.3431141626852808,0.147405851859044,0.12032179153428504,0.12340395838749213,0.0608545185082425,-0.10845100591395365,-2.8843764923807815,0.04488226557990578,-0.0038896381549689534,-0.03997037115864367,0.01720757301101869,-0.0331490129726327,-0.23499994348697142,0.06145884308581287,0.1751573553486995,-0.0015852181041259368,0.21243762683079118,-0.0045068098187918395,-0.011078699207176653,0.3726679604474193,0.18110177421945117,0.06437145512866527,-0.13520048823794914,-0.09472081994718938,0.23900489180501167,-0.05719106806882001,0.23906770513711206,0.0025028218189623,0.5707943884650919,-0.05170600535516998,0.09947912003396517,-0.08558551730443097,-0.11959195430787355,0.40775353716895857,-0.5759347031331599,-0.058487648122094935,0.17474948386305397,0.2772761317121116,0.05828886170776949,-0.08533036859883018,0.020744061880234487,-0.19924260871632316,0.12877189441323958,0.04220909172685026
6,19,6_19,0.16038267077919194,0.3309903271948135,0.16278496632090828,-0.3974649555806731,-0.1213786372047441,0.09890596211785108,0.27944344811976257,0.14151007971084126,0.14001558484604198,0.10660531164231059,0.09004978679453823,-0.12176539412743247,-2.752558306706789,0.05638978711989736,0.02620637178324462,-0.07696093772896208,0.02223379818904042,-0.014241326221087355,-0.21691768331745995,0.061146756925300486,0.17883638613140926,0.029343382738075876,0.22081007309496264,-0.015974133716970932,-0.018658189264781785,0.40996133291900755,0.182330733133997,0.029591991211424726,-0.15881562020411025,-0.0787352497524342,0.2678485277706888,-0.0898100731821955,0.25399186375066574,0.005143297421917269,0.5613209038356126,-0.07095742564030104,0.11556749310398041,-0.08346321449969758,-0.11982465613768499,0.4052412346080195,-0.5537051113274098,-0.059916971552529896,0.1704705868108684,0.289007990562628,0.05177430865622708,-0.040204717947620226,-0.011403861419409887,-0.19895729587672678,0.15066482733058012,0.021184908283366683
6,20,6_20,0.16547021305287998,0.3018447905522696,0.13012847266292568,-0.40149671965335954,-0.09747953478611997,0.09917174656958787,0.3314792871426996,0.15006113041936936,0.08380867655311401,0.12762460442603502,0.08633919136182776,-0.0646561999175348,-2.887782413018174,0.03416449139552574,-0.0007490565473176871,-0.051073333873145256,0.022063103190741524,-0.04731720450264929,-0.21600794332899895,0.03664396158916858,0.14621890185826722,0.05276309104838249,0.20017189424410373,-0.03330108575981779,-0.02231562132800215,0.4140033644705432,0.1811898090065876,0.04342593531968493,-0.13743588633678588,-0.0949689244043721,0.20711198001708173,-0.07107972959696969,0.24265177658695763,0.002552013280258957,0.5646612711045831,-0.038413818659822976,0.10970551471834743,-0.06405866275086372,-0.10154095260293787,0.3965802319742691,-0.5848550262023064,-0.06284440675611731,0.18004473361799275,0.2689072402498555,0.0864416416888924,-0.11305971343098901,0.012244844408502386,-0.18792293214429062,0.13847236945440775,0.030753180923198068
6,21,6_21,0.15970807249567923,0.3064714878318137,0.12064914464864421,-0.4111911940354674,-0.10468574798817,0.0892008570067044,0.33959436515001606,0.13694812136704737,0.06331981509289113,0.1599323636275278,0.10549127810339577,-0.025312733205082767,-2.8654488373058413,0.02316928171769943,0.018789486132809348,-0.06046657312624581,0.07639341590359268,-0.05891438640467448,-0.2339429725186235,0.007457546310514291,0.12119537021956557,0.07864531312336341,0.19740874134706354,-0.03182480592914513,-0.03904983077976814,0.37099380944306204,0.16885675559683416,0.06524190449654611,-0.16350800852976669,-0.04773012230868124,0.2026430218718976,-0.034586122246961004,0.2328819966893431,-0.010302855079992358,0.546456572265132,-0.02552308636201276,0.057854712906342885,-0.05996644051831987,-0.09990785807126448,0.4048981988695188,-0.6217804877062505,-0.017602989150787986,0.2081295116973077,0.31170848663022427,0.09446993632018616,-0.09052262535560926,0.014020452147284798,-0.1749232085693213,0.13699509934361478,0.00502794079481424
6,22,6_22,0.17190096525775406,0.29091944938454717,0.13918587773797672,-0.3628347963995823,-0.09679329089951384,0.11471039233940197,0.33201005748656454,0.1326350945392332,0.08759390674708557,0.137206203901934,0.0871605491056654,-0.06315897761327652,-2.8642453241934978,0.031252396319549056,0.029490602368286288,-0.059031909170533976,0.05580565763373861,-0.04172809696047915,-0.2218978253618005,0.026659784792199465,0.1435235793269914,0.04250692949115697,0.22117858067007998,-0.044759746204949165,-0.012695331956203652,0.39409655991731257,0.1683908716318703,0.054162462671733747,-0.13586374023818293,-0.11165741470541338,0.20980047241805988,-0.07434738730028338,0.23996143729883895,-0.014919624420901723,0.5708381057398131,-0.049608907089773606,0.10527505396950732,-0.08362307340001492,-0.11219185942169516,0.40845495198021997,-0.630837827463326,-0.05225793008479786,0.16478643481060629,0.3037013844774423,0.07456469255962078,-0.08219619193666466,0.009554764532465362,-0.1634423886023418,0.13273506644921548,0.015586539599143377
6,23,6_23,0.172396024211424,0.3081531677892197,0.06674537994153633,-0.4196060112864441,-0.12321446889301772,0.06119451665645796,0.29567800007661427,0.1301893641359378,0.04177733163220379,0.16317807054234487,0.06332760729500693,-0.004293366192863198,-2.8148008129736457,0.0010192308332831028,0.04196770160539005,-0.029775314994750224,0.11448631916430052,-0.05307751503809426,-0.24779335033622252,0.05004760381990223,0.07842983515973684,0.07811533617214292,0.17447420636019925,0.02446300449837363,-0.055277705766061294,0.3882463061131643,0.1831240484899995,0.029474623716536044,-0.13487110362005864,-0.03843574454328856,0.23827625539568506,0.015210768435000264,0.2389076312835995,-0.03062359548792521,0.525328180730156,0.0036245362942501345,0.05213078537763164,-0.06392865583611686,-0.07279725769480894,0.35973866326241466,-0.5746156929638138,-0.041420896259177026,0.21375735440804478,0.29751459369353195,0.055471856293242035,-0.07974024442444079,0.010517261649724295,-0.16223352323036036,0.14914485342349018,0.05042933276554629
6,24,6_24,0.16354890669554983,0.33894437665015426,0.10546787506464773,-0.38963938856698355,-0.1151831112449741,0.10917263756881959,0.3292444088656641,0.10330086271879732,0.07084103553911915,0.1427912310589901,0.0311617634898724,-0.06525593055305902,-2.894008332824806,0.004882440360505603,0.0050400216514012814,-0.07274367919863642,0.08928723454367199,-0.058186049266627515,-0.273531877314981,0.03281270554937114,0.11142859885278757,0.04746064754769098,0.18337347623128908,0.058649146854606586,-0.044239292536348104,0.4315157616800818,0.14781887486603118,0.03156257927239268,-0.15502702132885682,-0.04852104740201871,0.2203168374318649,-0.004308193438991719,0.22780304861977635,-0.009745920148374828,0.514972799187101,-0.01829833103204001,0.03382642582615381,-0.0602287888068984,-0.07405750134881804,0.36443235886261965,-0.5304574309394181,-0.00950824471598267,0.21585163505200497,0.2862921733239132,0.04021746745486203,-0.06587848441298043,0.03409796120976658,-0.15325157526517974,0.11054549526060746,0.05904645356788167
6,25,6_25,0.1911404095431689,0.323353373137883,0.11182838530670952,-0.3848201173389673,-0.08581588862354386,0.12907205067550198,0.35262049520656696,0.1144556477864659,0.1010539379759956,0.10909149693126403,0.02012916275443604,-0.08175376304203955,-2.898270716423999,0.03888073607704186,0.024533721058767034,-0.04106852423529783,0.05373744256051047,-0.06592055601354362,-0.2274273723295989,0.06787008538164875,0.1264572398504565,0.017619672331271357,0.19038281730528994,0.020122891579529564,-0.037909415193733774,0.4531358206855544,0.14908218050282396,0.03179674359421016,-0.15352757467654432,-0.06002212706679672,0.23875484067560515,-0.055198497105102794,0.2305331866797927,0.0040908442040829985,0.56550391612425,-0.031238351045888818,0.06553356617042783,-0.06404825952730066,-0.08036863625575137,0.36236999538043585,-0.5423658431575793,-0.030251099488764026,0.21184024554061237,0.24122796409212036,0.05637752150232902,-0.061958586736974575,0.017191210694553254,-0.16964788013364948,0.12575200183522017,0.05903376194678387
6,26,6_26,0.18236495783338688,0.32498075683063793,0.10956185814628049,-0.37691785723535104,-0.10162769523280422,0.10876043718885012,0.30615462225881546,0.11883940490341134,0.09084334679361535,0.11246067759991706,0.06349724154828645,-0.07883086417055354,-2.845192679285643,0.028017139073276295,0.024158277341539747,-0.07465604404367371,0.04133579727146899,-0.03806224415287383,-0.21156825628230105,0.05465116165688274,0.13316280790217772,0.01217092491642029,0.19603315831845755,-0.009342662220380446,-0.05441030442586406,0.4221067110110311,0.18248969893705583,0.03400240235981669,-0.16124273058669952,-0.07769683463776096,0.2426452605149447,-0.059285270866657976,0.22567611939718332,-0.003946085949951545,0.5589047641348477,-0.03164835896355654,0.0803093367723644,-0.09040891863890183,-0.0899396200941839,0.3411067504890536,-0.5375121005098941,-0.04923041226986649,0.20837833464461847,0.25358935267776334,0.0509110283037279,-0.07592142400193926,0.01305458510366305,-0.1677415493673158,0.1201706105430633,0.03448502537648453
6,27,6_27,0.1726887468998924,0.32981673738086886,0.12691210276846374,-0.37857428454852776,-0.08957396081617439,0.1105874627178838,0.3126238963583738,0.13015721842377412,0.10020823045036187,0.13075795756618916,0.08074915699217548,-0.11006559603120451,-2.831707640170457,0.06025792293670584,0.024678264635609636,-0.04813808771283474,0.06389110625228006,-0.023457172752181656,-0.2268067888478111,0.0637485280414839,0.15639861146347023,0.0323540907131935,0.19830029509575617,-0.026667962171001192,-0.03360006655867343,0.44755873258265844,0.16671260937497615,0.005891203991697476,-0.15901188079891973,-0.0889654202928977,0.24262354259287933,-0.07808501793133896,0.2538791916617796,-0.01945321721612109,0.6068922361433259,-0.04478692981692772,0.08128537891658512,-0.08531370897268013,-0.07895105367636059,0.3536532886704953,-0.5522730280212018,-0.05861284736693957,0.19608414479209563,0.2740204931883469,0.058373213882917836,-0.08501754149975294,0.00737504846651565,-0.18354641974120836,0.1293536349652659,0.008701626000426203
6,28,6_28,0.1416111262286821,0.3066144505430529,0.14047945737148496,-0.39206388967172145,-0.11214980242223065,0.11299844523946752,0.3295296195916458,0.13735940744829087,0.08289241655794959,0.12298967338776337,0.0813254931248631,-0.06605716834616075,-2.846662701055364,0.04417607164319301,0.042376838308928334,-0.06891284895496605,0.032400376321390756,-0.05651965390852719,-0.23029527194100188,-0.0002622010461384414,0.11594686531588837,0.014540023436724513,0.2142575753356157,-0.052433877902972215,-0.020768855303659167,0.4127822687686627,0.16647178530940307,0.01114450534822826,-0.1593340924318748,-0.0864104227788587,0.20607323626435436,-0.06360697360372083,0.23327124828011192,-0.022465324477302213,0.5711107956668621,-0.021115919027359372,0.08397955717654572,-0.09063264510161394,-0.07124064884968082,0.3887320637296347,-0.5920353124720377,-0.08050113294622517,0.18451895856047476,0.2708879148406952,0.07015254324769798,-0.08845708981920819,0.007497240008324781,-0.1703895909588435,0.1475901635407311,0.03400076722534261
6,29,6_29,0.15433892851983075,0.31904981561668716,0.16085591584953854,-0.3558448768343309,-0.12706321716844032,0.13049617230633007,0.309001572121117,0.15483088343367207,0.058407195040597285,0.08548399792957072,0.1216476350611708,-0.09528369630191373,-2.8294727076813353,0.06239863362861797,0.06091395321758521,-0.043079716916194624,0.015448553474130114,-0.05839421849443993,-0.19001473148356246,-0.003115725465188663,0.14916764511313824,0.013649187415314195,0.17692996719595763,-0.046695479905284054,-0.06407813945520294,0.41626231434017374,0.1980949567671116,0.005805876682760245,-0.1336157829122474,-0.13528552442854583,0.2060483218859938,-0.09880634810315732,0.24436798208999796,-0.014237967635478556,0.6073566493571135,0.023001272873582734,0.10285185582473709,-0.07667703891313807,-0.107140264320404,0.3757132114486524,-0.5657310453656526,-0.1307170322643371,0.1818695831787559,0.2830361670455596,0.05329842701773601,-0.08526611652877467,-0.02253887509722092,-0.14744680518893574,0.1276655294264906,-0.020114786401499166
6,30,6_30,0.12533078281277002,0.30069233978627546,0.1337390058113008,-0.35926920192750084,-0.1250585811282111,0.10787023093325843,0.31150621283450164,0.15189722382175122,0.050339331257088234,0.07465113880872112,0.12178808119795742,-0.06580892744651382,-2.806639943102544,0.04453695396742577,0.05348609417741169,-0.040849013540123866,0.02034910965515089,-0.05815903734492167,-0.20113761820454618,0.032867313327601136,0.13542141398009086,-0.002222800899041679,0.18727624426339223,-0.05794520889453865,-0.08203422505605638,0.37196185648049734,0.17757361306369354,-0.009259015293123824,-0.13722790847436592,-0.1217767660402222,0.1826197800301915,-0.08329525951690316,0.22380565059622562,-0.0538798799623857,0.56922158808712,0.025710226151866,0.09480320843596762,-0.08338245232392762,-0.10404571490860028,0.3734832243115472,-0.5766109065628949,-0.11531645821196435,0.17759550741902785,0.2678445770531901,0.02949235256594627,-0.07382089454834138,-0.01805401294561968,-0.16030710896997002,0.10658463042769158,-0.025986209578563416
6,31,6_31,0.1645786716746571,0.294215861505,0.13984960090948928,-0.40113676677668747,-0.12850319108831773,0.08436706362025875,0.30353558927241125,0.14219656128248354,0.022726218534038268,0.1443556581893708,0.12234966873635597,-0.038019304935228,-2.7855394252943335,-0.0014717183498607306,0.03777571847141309,-0.04974209103258562,0.06483011436897874,-0.06819253074523597,-0.24123709829985548,0.013244467877693167,0.1208297598370798,0.08429647545580858,0.19245941540970757,-0.02648135277817157,-0.054617981940496496,0.3759405392482706,0.17776431068292528,0.023186180858790238,-0.15421597389625358,-0.08832388933814225,0.21560264474268012,-0.029160265184387805,0.24301054156940738,-0.04688180249222819,0.529670095612332,0.013268904611667682,0.08289140927833534,-0.07614868664052245,-0.05731438982281948,0.3774157215325612,-0.5885177432498553,-0.06920820610478111,0.16553924499978154,0.2922865409879847,0.03303077643586248,-0.09907629590378988,-0.016868775912677294,-0.14846361738272562,0.1731190287246581,-0.030458047974638254
6,32,6_32,0.1465127466399063,0.2764657202281663,0.14160558114113764,-0.37309149237249245,-0.08359431292273349,0.09554426702858969,0.2965115385916374,0.12956540562661398,0.029318456991135094,0.12403111108495089,0.13650345645355574,-0.045800055888855086,-2.7972395050668433,0.026574127961118833,0.025909117023321323,-0.02624315505221341,0.0591475956525701,-0.05167441758703445,-0.2125362117442269,0.02209919199841041,0.13034807554552294,0.0722777657325848,0.20969579599359947,-0.06552747802402473,-0.06637221270569874,0.41294658572822923,0.15009070551038572,0.013625826872244768,-0.18294627989522422,-0.08521849978007627,0.21638299953150647,-0.05554827272457706,0.23989513884214853,-0.051850142610931356,0.5490023606557198,0.016756365857502547,0.07827622449397761,-0.11444271911523991,-0.05028852633391242,0.3614740187475112,-0.549455387961164,-0.07417047401425891,0.18600351376700197,0.26188366406532365,0.07037671307102891,-0.10607336962617889,0.01057934224404099,-0.14450347898346735,0.14201338241357095,-0.029171457242647265
6,33,6_33,0.17703791136549216,0.3176837924139334,0.1439054564948404,-0.3978643861907204,-0.11827882053292987,0.09850712356968752,0.34270452883398733,0.13003326257445047,0.06586649394857007,0.12236349445076719,0.09871874723335608,-0.07122163558453923,-2.8711728186376635,0.02216455446417263,0.026033020223070295,-0.05012576611460968,0.06244886217041752,-0.05937883356584221,-0.24798384453216943,0.046958397255812384,0.149948152779947,0.03488743542580895,0.20245984295803693,-0.021049011869716548,-0.05819335889217684,0.4562288749655108,0.16728326785331216,0.0203759242418117,-0.15865034457566518,-0.098931536010106,0.20519644881433416,-0.040722773789668515,0.23410176457198817,-0.007357107478779771,0.536920855643468,-0.014472835101731753,0.08629913914051178,-0.09162293389559753,-0.06768812366738736,0.36420254600384544,-0.5054359831757123,-0.055411717456891274,0.19177574295881053,0.28205488434121495,0.05531872628226636,-0.06597635911687487,0.030064133832310026,-0.17701628007606843,0.12581494491399012,0.006613272218401694
6,34,6_34,0.19592042369857574,0.30464257370574055,0.13482750827580434,-0.3842410077670823,-0.1065730802499904,0.11293864340911645,0.3075309515628362,0.13661912805589316,0.07896934963785383,0.09839967982174248,0.08466549106658651,-0.09821197403729648,-2.785693790265906,0.05064482615340637,0.06261349292349462,-0.04249171284875768,0.04352137483319415,-0.04274148929266538,-0.1941482748794803,0.05334083382172231,0.14960906107679975,0.029016258179489145,0.20863794233991204,-0.02789573354065901,-0.03961117580478355,0.3796268030131511,0.1947654871010129,0.022010250321989087,-0.15409277958926454,-0.10151201380635443,0.2358973309424091,-0.07408839423371562,0.2519377036065406,-0.01781907343626187,0.5698696692579761,-0.0070982252005845885,0.11090770293958485,-0.0798073309098525,-0.1080057819457476,0.38137033673923326,-0.5821944746728006,-0.06749240002726385,0.1734282999914064,0.28275947017780284,0.062418969565821505,-0.07661056579731645,-0.014726410257707346,-0.1707417421566788,0.1391113306913746,-0.009928303085425907
6,35,6_35,0.14223348667134636,0.3271651749488741,0.1603162128724721,-0.3911832849914368,-0.08823928378980056,0.10984430742678888,0.31344521140657317,0.1101099137965705,0.08199198121369794,0.11986339057190024,0.12559470829803535,-0.10810733796537396,-2.81412354951462,0.0502657077194806,0.03567172536591254,-0.05794892582163868,0.009367030283457782,-0.037787682165174113,-0.20987723357623436,0.013621154393283874,0.1403054332335022,0.030808205649903192,0.22900256124191318,-0.03170121236243429,-0.023532226296908643,0.38786414025361005,0.16407174564525165,-0.0033629967706771333,-0.16256407818872412,-0.0845400756164982,0.21364945655527023,-0.0942544791130573,0.26184575768072427,-0.012316515043544298,0.5675427673122113,-0.013266030751221534,0.11516810862965166,-0.10820463005302529,-0.09092257335235779,0.38534177031329614,-0.5908949338323741,-0.07041481197843667,0.16821106586563705,0.21325012434056329,0.06849986534482476,-0.07950083072608516,-0.017524987345167733,-0.1722625282392445,0.13382461162754478,0.013591203301716148
6,36,6_36,0.14919802875203245,0.2963210401260255,0.1432243774710086,-0.36089731299733163,-0.125209233888421,0.12931846348400533,0.3554860959827368,0.13868539628385726,0.09440930337770333,0.13115413053469446,0.07171483240772661,-0.06458769127542638,-2.9057216010674707,0.018981828059103072,0.01857669115606539,-0.039084628059043544,0.053076751248181224,-0.07156165259960695,-0.23164504623928836,0.015033899219471868,0.14878546745524185,0.034026669256170004,0.20091083372684837,-0.01442527027258712,-0.02928789202691283,0.4271319520331043,0.17375433673698673,0.025209856402711502,-0.17415826657137387,-0.08409305036600147,0.19751128423597053,-0.03323063719479617,0.2201185199938824,-0.012475273444242933,0.5051402662139183,-0.01081812848090468,0.0854782590235607,-0.05894418786858999,-0.04829360980126213,0.3549106064577344,-0.535825778514992,-0.033332629968165696,0.18517539461568394,0.23636909636929082,0.10242034527820441,-0.09749702457424171,0.025616479849740238,-0.12624114731088487,0.12507580990312198,0.042686783249818665
6,37,6_37,0.1886258764656336,0.30836797717513453,0.15939377571722665,-0.3900323136415529,-0.08633755011932838,0.11498094521148391,0.35868015448693513,0.12651349681401738,0.06469374588280181,0.14540125331392087,0.08898481049190946,-0.10738679755626149,-2.9134788254373953,0.05601974876021574,0.0016249891308242489,-0.04644771697131913,0.07508907966027771,-0.05935366414952002,-0.24806468090167055,0.02550865253923755,0.1462589313402867,0.03639318333660955,0.21163583839242756,-0.013868021439728245,-0.03393743321481579,0.4253490949560186,0.15893495367766408,9.43430595246977e-05,-0.1509464671140896,-0.07337642396522458,0.20252194868379247,-0.06488085247850936,0.22039560158839122,-0.008894601746425522,0.551130471959416,-0.021933251737592446,0.08682792548196423,-0.07822594451512518,-0.06597153689909376,0.38091264023004395,-0.5663317405869429,-0.023536944999645322,0.19994132530420056,0.25192083879639476,0.0852653999698528,-0.07771779160679278,0.031831941207392925,-0.17357899712014682,0.10752885022201665,0.036646596179165054
6,38,6_38,0.14521087233620397,0.3087934796753639,0.1266985276528492,-0.39247275477717236,-0.11223594145311863,0.09644736842374649,0.29474201484561613,0.12752685174681405,0.07121580160593897,0.12875657553895045,0.10745703450885553,-0.06529289515544977,-2.7625218751066822,0.03832152017127817,0.0280871670027224,-0.06830148687349412,0.04395088470951354,-0.041703157783959506,-0.228707659815959,0.025883451116496255,0.15541798107511506,0.07995146296580985,0.2294294554274036,-0.033519149552715025,-0.05633699441904802,0.43125021901850835,0.20115441083464125,0.005823600772369685,-0.18424885169360233,-0.08586017715683507,0.2065742953434553,-0.06350594970705462,0.2535775432706479,-0.03492859382428016,0.5507173226901845,-0.019205246348095804,0.07105867972279804,-0.0862897328044124,-0.060914408038686016,0.37875772457840157,-0.5402143573619315,-0.0792538152861614,0.19173605879448094,0.26595794389387434,0.056079673721904914,-0.09598297923544047,0.01439308427429982,-0.14922943635906835,0.12892540736948693,0.008072235269306258
6,39,6_39,0.14297558782473688,0.31999670469426905,0.12106376507255281,-0.3801405698542708,-0.1400060342241416,0.0752227486289861,0.2877291869500588,0.1271478563904409,0.0648064683672695,0.17666129812092424,0.12120784901740865,-0.06094766343454028,-2.8074483301619004,-0.015829177897078273,0.019957851061541267,-0.03763808497701418,0.09439477957504128,-0.06281088930273686,-0.26415036466486497,-0.0097724267582666,0.12717349214784415,0.08318057671502425,0.17794987111801988,0.0295458838777167,-0.06548266889977045,0.38524797605671757,0.163592350340633,0.0023986150366093577,-0.1885221075495416,-0.03978126315632835,0.19340303969661835,0.008300506502815426,0.2222399183211784,-0.035147191987148135,0.49069483326105723,0.015075342640870829,0.03276727325563993,-0.05358974070928713,-0.05112647289402205,0.35449450970466795,-0.5373158733810073,-0.02111012898064379,0.17712206071812725,0.2621340203518449,0.057928248087811315,-0.110177262863626,0.02602259042785214,-0.11601575048808972,0.15009320343619792,0.015616507986801323
6,40,6_40,0.1560217408808001,0.32003421802862975,0.14551621087906372,-0.3622578943184758,-0.06084553440447608,0.05952724030222954,0.346285722206615,0.1114767974362272,0.06494990836235032,0.10949488116742644,0.0988507879552899,-0.060919074982884514,-2.8664123239153523,0.02215969883659223,0.006589135481307735,-0.03411887514376671,0.052438826895105824,-0.05337773137321396,-0.21368735706523104,0.0132190764854622,0.16173351939904404,0.044904497032787774,0.1876996512489267,-0.021523934184891923,-0.05468756026461935,0.44424402716669575,0.14445215655641372,-0.003916110024443173,-0.16898024341158602,-0.07442473872776394,0.19461572265889138,-0.030579867174238554,0.23195011147638614,-0.02784677379614,0.5413350591891166,0.007221863661974269,0.10364730737966585,-0.07341132109417807,-0.07134837908476281,0.3396882170937576,-0.525546342800082,-0.05510595430012287,0.20707372923468445,0.22336350772039842,0.05614581527494257,-0.0900871742087269,0.02615966126395095,-0.15367469251074298,0.11047272020494213,0.03451598503845244
6,41,6_41,0.15902264605773153,0.33298595152646926,0.09948341523274176,-0.3899200417504738,-0.14381334485656674,0.07126733197921413,0.2941472524699991,0.14756016767968902,0.047397015935005164,0.13742799874932937,0.09217064677918835,-0.016386430494529917,-2.823250457119774,0.0054509706479223844,0.044639575787046006,-0.08416210710272705,0.07939112259232452,-0.06748532292615085,-0.2586593078342791,0.057876663896358496,0.12675350271681862,0.07973773485442302,0.18504784614319952,0.0016055513775094189,-0.04260206209591173,0.3956967121882538,0.14759338336576983,0.014119800706794194,-0.16402925462601378,-0.054042513250261805,0.20660511831487333,-0.01243063204341345,0.2046102685821046,-0.0405552098880076,0.4616752566054831,0.013666577101029245,0.03832827809653704,-0.0840245764153275,-0.04354784632442703,0.3644577158134575,-0.5762178951244749,-0.020192821965139673,0.1926241382993602,0.26982602920599646,0.025869493233572863,-0.0601118418509403,0.019130952000408104,-0.17579686760096516,0.14760021943210389,0.0010778296695412202
6,42,6_42,0.12989855876503972,0.34968766248458427,0.044574677619072266,-0.4100689168075158,-0.15747408543020577,0.06995293298196323,0.24670398248970438,0.0905729866438977,0.021793779723678037,0.13923775434769034,0.0707777742284187,0.0190363230679804,-2.761581801371292,-0.02517055870893327,0.05061979942572975,-0.05129974451725686,0.13796831714455848,-0.06157142689360512,-0.2598674287150479,0.032667056007912296,0.040328562689437256,0.10082402699925119,0.14503300429191213,0.04586399086805398,-0.05022970523886713,0.38987844634455554,0.1635481582851902,0.04359592090219662,-0.13516714538459526,-0.04702510431373187,0.196727923059776,0.03183564769091143,0.24355496574746516,-0.03229771712502848,0.46736478761571887,0.03277332520033095,0.01691875690801186,-0.039523339736807564,-0.055963502241682284,0.34770398533891705,-0.5414334439464848,-0.048937987155611186,0.19286647479525257,0.2966807852824704,0.02807312464848151,-0.06234627665835179,0.01632736798599752,-0.12539194910732793,0.1360365787001116,0.04650663511072308
6,43,6_43,0.11940736164987795,0.3333615280977554,0.08519986435874469,-0.406669809397448,-0.14126205197069794,0.07313193931569846,0.2594256175192142,0.11378594890435192,0.038689400558532386,0.11676500790110031,0.09511084589614459,-0.01780089876476537,-2.806468932452025,-0.012364834351982507,0.039495743803304825,-0.06897878057392383,0.094418632172531,-0.05039303454490706,-0.2205864902354639,0.01556132974654988,0.0729498108950685,0.07324889960957484,0.1816017201334169,0.01779528073535335,-0.05736999175317275,0.42450923109789274,0.17548626077740834,0.05668196248576148,-0.13439466008183512,-0.05764673327768159,0.20419340141083078,-0.005109598787363481,0.2515679620532319,-0.014973088834193293,0.5106778529333382,0.017796272186527927,0.06589236204400313,-0.07886844366282242,-0.05897266461858871,0.34964813940468487,-0.5332407390312465,-0.08167186884246702,0.17303902671215365,0.30173088142475873,0.04085338815063652,-0.08683237383179841,0.014699311602722715,-0.15190905987802478,0.13546640985489056,0.054196414850928167
6,44,6_44,0.13484132116744668,0.31500005423830246,0.08555248431902338,-0.37884699848170084,-0.121976381878308,0.08831719908774395,0.27349027163722645,0.0851407386589893,0.04407380076461264,0.10528803386724632,0.06555796269190518,-0.03489734629708967,-2.7925877757779847,-0.004998130993031143,0.05082653076413528,-0.059443732419491,0.10007983742664711,-0.05204106041809353,-0.2115375240780703,0.025830176237295978,0.08543525108092874,0.06994203215076046,0.20186278152164633,0.02809889421569296,-0.06912929009436267,0.45576287865854187,0.1685600822747535,0.0377711122582096,-0.1732021786593734,-0.05002055315031319,0.23457025234086862,-0.0016324821648022374,0.252055601656715,-0.03725736905332832,0.5003542776572204,0.014545495823281455,0.03994345843817334,-0.047914003739269934,-0.04569427666841536,0.33489839828550994,-0.47858980746646396,-0.04794739644681853,0.19407569230429128,0.2751815237968733,0.031486955647132504,-0.08525863485628289,0.029668831949176834,-0.12891993407415794,0.1109045946952672,0.04493535547146246
6,45,6_45,0.15652609419384525,0.31818704364541067,0.12596706873620062,-0.36468720290004286,-0.11860755492379789,0.09769813022235285,0.2799706364847566,0.09962894793776199,0.04259116320924562,0.10640545436663305,0.0985946124498157,-0.07935731882676728,-2.8128327768918306,0.013901127912572989,0.04866440451088057,-0.05370175526986214,0.08358494724409156,-0.04947839647124455,-0.20651343963858862,0.014054252923379952,0.11580725953817257,0.05703661112645982,0.204192049473815,0.007655905484501858,-0.060181635375735634,0.4409133956854997,0.16917519406996268,0.007951914316290474,-0.15940871355161113,-0.07639052282293696,0.2357405715434731,-0.03179251053623612,0.2437437355318011,-0.01907586436574848,0.5245842724770533,0.02888401865033972,0.054564367843769467,-0.07225359351431751,-0.07295885415691086,0.3310932640158902,-0.49849831259668775,-0.06595058084169331,0.1888271555599828,0.2630924004984133,0.03730846569518153,-0.10198976631441875,0.01268420895678524,-0.1431817552790731,0.11935548029529773,0.028388472444439643
6,46,6_46,0.14642109146810262,0.2749011297167552,0.1252565514782816,-0.3768962066256462,-0.12172461525953718,0.09476927109821268,0.30269549334640433,0.08643312068007779,0.025285069037399216,0.1311533073131707,0.11112626296652477,-0.017126550905541854,-2.8588084451536786,-0.020119676371116686,0.026978534283373216,-0.02966435584244038,0.11506074227516383,-0.06453696715810049,-0.2396818167294179,-0.01091570407910772,0.11852088309521028,0.09420320268394046,0.2109953747229402,-0.001332655908798981,-0.06825011624122519,0.4640237260213061,0.16540908141535493,0.01176741362136805,-0.17970470786398104,-0.05827970357494904,0.21262658116253638,0.012244279956197679,0.2397754326647143,-0.062342288236692196,0.4928727140947756,0.03331652659549229,0.032104544440473434,-0.06750815329804227,-0.03713933157764917,0.3413323822342569,-0.500992770108364,-0.039792327075145725,0.19515698273837762,0.2578031035197927,0.06165845384933626,-0.11790430886883355,0.029329748501251907,-0.12105428355070237,0.12866252687149027,0.008651738716578981
6,47,6_47,0.13060898856412453,0.2800412637306102,0.11912527432544273,-0.37473590088836994,-0.12472211207111734,0.07674910885393817,0.32781334663092737,0.11061586106155835,0.04596589271569025,0.15128047916938325,0.08919321028820516,-0.006808467031473393,-2.8562719559603083,-0.0226608041944994,0.036106261189538635,-0.04041672449929946,0.08164407653619943,-0.09108301905544168,-0.25105674635206443,-0.007308568128690767,0.09787954746964089,0.09674814952444026,0.20420486945756205,-0.007636219342200288,-0.06398755466905331,0.4322708066404359,0.17694671753047145,0.01742461551964013,-0.1883574206502667,-0.06796044842949692,0.21791471692170522,0.026820023757506754,0.2335768684953669,-0.05842461980409754,0.4641753503502136,0.01753227970788896,0.044273059279382264,-0.061383520651619734,-0.03598579033216519,0.34558172444462737,-0.5161229004476395,-0.020469289963084343,0.20313121636805428,0.244631588280987,0.08518569993101155,-0.11579319689854782,0.03242652524330116,-0.1263872776997683,0.13722484337771457,0.021343268687554057
6,48,6_48,0.15285715140417705,0.2843006725701364,0.13757157391362057,-0.3908743297422958,-0.10874850492979314,0.11225590655672492,0.33239326759471677,0.11473147338724578,0.04291674413955128,0.12225529536586148,0.12153925378465671,-0.027231335071676233,-2.874569152792295,0.01781428576465134,0.03950501559335663,-0.05249415879504456,0.07490489223233328,-0.05340053587258745,-0.23314340465254518,-0.0007709003774176255,0.1073920446971228,0.09760937753104038,0.22511048132959144,-0.020322683369660557,-0.062495056545962685,0.4572313617735609,0.1676587386758618,-0.005487890464060367,-0.17438298200728639,-0.06706417157049104,0.22055740255077005,-0.040163683487923985,0.22722549871615155,-0.028356415161522756,0.559023616511653,0.0026333970660022622,0.08069415538084704,-0.07593012064154762,-0.04022956379182803,0.35553984301269786,-0.5185872943946107,-0.044815785404771095,0.19117380901716177,0.2526844967773516,0.09078122006281648,-0.11515943867244073,0.0076511016352391195,-0.15007614026457639,0.13570449229222106,0.037843530523944006
6,49,6_49,0.16187607070280693,0.2818448085944357,0.15224364828606396,-0.34904964397764604,-0.09294880644551917,0.1265208236775137,0.33636244069752874,0.12086358779474862,0.05041500134693612,0.13160847576136647,0.11945454987794916,-0.07459710546888418,-2.850828823355055,0.03061902035116554,0.02941035660771058,-0.0456724836830293,0.03843764581915977,-0.06704231141486343,-0.23054751319109856,0.01785191058347648,0.1410345753536422,0.05242456181075454,0.22538434428281287,-0.01790671603421319,-0.0780619767284872,0.4155796491684987,0.1517100454410806,0.008019322391817045,-0.16488541038010807,-0.10111769355927143,0.207757968949018,-0.06156037689352255,0.23945358856837184,-0.03863526224514751,0.5340571773412103,0.016893522689899885,0.09106600109538379,-0.11432545168562937,-0.06772508470964045,0.36379885280591234,-0.5399140975809307,-0.07808842482341331,0.19328264452643448,0.23955564570566798,0.06129648220962189,-0.09909690593535728,0.017095904055567972,-0.1205099942884728,0.11541945440169621,-0.011384423511723677
6,50,6_50,0.19931852573258882,0.2994307887763912,0.14308759866589524,-0.34282186001093135,-0.062311220320309474,0.11831610316719797,0.3632389413967666,0.1036078345466859,0.1077617063928599,0.10421223102989528,0.0938040832832393,-0.1234550902045463,-2.8492363596162877,0.05642712574626785,0.03957906251669541,-0.04392733035754401,0.019380538955359218,-0.029064627897929587,-0.18750887544115932,0.051410687193929945,0.16013895930439143,0.0237138723453679,0.20758332608330274,-0.03924691362869965,-0.0492773386547068,0.42163654702066,0.15946445576142237,0.008062488386300373,-0.15333388642576218,-0.09412956331976877,0.21659872892015308,-0.109056431978174,0.224694249564547,-0.029374315074210625,0.5994485294203735,-0.04526154787686019,0.11440023488989745,-0.10496163443882828,-0.10257201447866235,0.34206887337715686,-0.5622931826319703,-0.07720085787721229,0.19253525926749626,0.21954018327000574,0.07694236253039224,-0.10661283866401765,0.0006657247108743847,-0.18181466690984657,0.1119908977685371,0.024673753652815558
6,51,6_51,0.19501848550577344,0.28485901227736093,0.16823201401422427,-0.3565182379729293,-0.08138208592782578,0.11153864924793094,0.36063937303089283,0.12563687626351702,0.08383737365703883,0.11563709166005684,0.08924214728601208,-0.1012385699843468,-2.8626159668693427,0.04736015741663099,0.05098922674152802,-0.06058716993371314,0.023408457765279275,-0.05711896481993113,-0.208885168130184,0.0151013704450266,0.13582709467015158,0.03078520304815685,0.2070080756314529,-0.02591561507111653,-0.04779484993368593,0.42495393287558547,0.1633365999735286,0.00012660776739119124,-0.1457412066631653,-0.10544759715202415,0.23908540703275588,-0.06679311112357773,0.25124315573836714,-0.04759355630992068,0.5496764599280517,-0.01572961320886162,0.09684485102891158,-0.09034835096010953,-0.09003896829049389,0.35779576007797637,-0.5649366104879097,-0.0717931698974488,0.1827265274311815,0.23823059254359896,0.04700758968625716,-0.07496969769110813,-0.007118557325577063,-0.16297784245447014,0.11628780636167164,0.0363802674887624
6,52,6_52,0.16335143814037661,0.2910082144876999,0.1131459984576981,-0.3771354068853418,-0.07270571033890284,0.07935936453765076,0.3246456033970155,0.09915491025355656,0.04410636547307964,0.13650436052365836,0.07535780524760713,-0.050860112140160854,-2.864344776590909,0.0043760807599095295,0.029369677137469668,-0.03845047253074033,0.08740115798924096,-0.07072280606174944,-0.21947628821309176,0.005391733070972599,0.1103055217800422,0.06473446335069309,0.1889247873948353,-0.01938625416458453,-0.06514706879842061,0.4060161340841738,0.15642379479794744,0.03407966197744023,-0.1621800541736334,-0.06778276874898059,0.21661390884967943,-0.017712777388082857,0.23921186594896737,-0.03974006733959941,0.5383965682146922,0.00044635440486460423,0.061665005309253174,-0.06865229348986313,-0.07675466138576344,0.32588383228592344,-0.5456568004900555,-0.022765827053826463,0.195569257258614,0.2656060964329042,0.051475081983468056,-0.11024716298740095,0.04177667589467504,-0.1451774551304617,0.11238719009761441,-4.86165576193416e-05
6,53,6_53,0.18046380812477292,0.2961220904375966,0.15710432777842998,-0.36400412517876357,-0.09012525330796134,0.12431930353395865,0.3442946028903554,0.09618537311763432,0.07773918284390374,0.10985639535198759,0.06052995214231761,-0.10279729724879187,-2.895578433920566,0.0358051783224166,0.03033278985154689,-0.04026916402189019,0.049319784550426904,-0.07432216837305464,-0.20545907278306244,0.0360007223067455,0.1553402902843145,0.035842243217008844,0.2080872284871687,-0.014352266745325843,-0.043730164949188736,0.4641239890912758,0.13851859947437634,0.028661747651237687,-0.15329585200617343,-0.09211789482432685,0.22157105225439472,-0.05874960118956353,0.23919262633399857,-0.022819427973363213,0.5531031532279614,-0.014518566422612596,0.06107688362752192,-0.060948977853027976,-0.08245967978767392,0.3499301871698095,-0.5066270071179851,-0.04204014822651625,0.19319579911267706,0.2231256017475424,0.05535938987364866,-0.10176696229193892,0.030333491974673058,-0.14276831975658388,0.09743401264120594,0.0672833458537978
6,54,6_54,0.16304875558648163,0.32788921766377127,0.13179988690972627,-0.37114081045974306,-0.10816338162778812,0.08657897429433294,0.30817578424594705,0.10121265460861567,0.06964288529088795,0.11483717534772969,0.08644891865299878,-0.0793605284490742,-2.8084832648217897,0.015187331027566241,0.044228003789159476,-0.06619249128066208,0.07535942424184237,-0.05420633667104301,-0.2250323638971554,0.011812356214939647,0.13295360122152328,0.06063620748438432,0.20666821405586647,-0.015899572854436467,-0.04740906496371924,0.43667539263710436,0.17630555116974037,0.011185785492834372,-0.17454362537322954,-0.08405842902134565,0.2231513477800902,-0.03303232416169438,0.25462202216633306,-0.024487171227333304,0.5134820520345654,-0.02237699406209569,0.06455890259568174,-0.04981808997682149,-0.08816872188828258,0.363600311828129,-0.5120367652484158,-0.020229972233729705,0.20324759570657422,0.2644367707610103,0.05339606639062611,-0.10026908108359885,0.03168053516517683,-0.15338251367509842,0.11201102773623964,0.01567682039014818
6,55,6_55,0.1607919366666465,0.29122931898455134,0.13506529156366015,-0.37329639788658825,-0.08490387026740791,0.07269328974653036,0.3576065706110967,0.1265892423758487,0.06966360592195997,0.09717821447065944,0.08648882415855041,-0.05097050214208139,-2.868327326141298,0.01546925585844292,0.036510956977144814,-0.010035135849039988,0.07034597205820318,-0.057290399112025624,-0.22639717285674124,0.050149092913352435,0.09862178374205541,0.04170037468666123,0.21080592830694514,-0.027262047270778567,-0.040769822189759,0.42019307335285705,0.16699680726014776,-0.03336329855374061,-0.1645033396074723,-0.09796856912566909,0.21876158974027932,-0.008881461435339588,0.22815114195691422,-0.05581433352317618,0.5383771035121754,0.004158319085763651,0.07685800020893793,-0.07806900001014583,-0.06561100272992917,0.3232573309956933,-0.5241457389260177,-0.04490600530480151,0.17387141619474278,0.2205846656434005,0.07462160613649757,-0.10608051697599877,0.02966044378335937,-0.16914936783832674,0.11521042628476152,0.04834010537451831
6,56,6_56,0.18853394377231,0.3371469968469527,0.1352564745902506,-0.38969129704705935,-0.11765500141945677,0.06163222157348661,0.2782349157601284,0.09276936326537766,0.03276894903631105,0.13333528185105276,0.045153494567992045,-0.08806014648241926,-2.7430725700488807,0.04443825287952948,0.026944417156989506,-0.053361812649861125,0.10306925628845892,-0.05674560544826797,-0.25514563105933213,0.08762604537637785,0.11264790056896948,0.06530003921651022,0.1851128401498503,-0.0037828695674716676,0.0016220366194370632,0.41069371890885475,0.134593360861408,-0.03015885057579019,-0.1942354058902057,-0.056952739942766305,0.24230953519676804,0.0030683560546070506,0.24935743507360986,-0.05451347705452178,0.5218623686628019,-0.047580109209911736,0.04036380185824519,-0.05775332554635385,-0.05742776584178072,0.3275337288963217,-0.5520187788159719,-0.010445214136148481,0.18223151470493856,0.24391507737288176,0.038502270435345355,-0.06934405800018749,0.030768643157199675,-0.19013692521396494,0.11792098803302552,0.06283148397076115
6,57,6_57,0.22216627558233545,0.30471902304705295,0.16420216021084214,-0.4186881775825771,-0.10325973771887567,0.11248259965101155,0.30493339598906644,0.056060131658768,-0.012977382017329413,0.1799198212085784,0.06670735011570567,-0.08281768655763605,-2.8798754332253407,0.0795308509523897,0.043697152384471034,-0.04126671846382665,0.13256997597655146,-0.05870290192750799,-0.3448866781908214,0.04968360784180164,0.10562299681262675,0.07381194525700373,0.2080868177931601,-0.016141117668771,-0.02712323660898677,0.42625716277594905,0.15894273256677893,-0.052771800173845335,-0.18235773451240517,-0.04497135628358428,0.26903687642712387,0.022745872996398395,0.2592060248263351,-0.030244041459375,0.5849652951121747,-0.035314196454148405,0.029357575074937598,-0.05322594534680591,-0.04463159579544339,0.3639184747310178,-0.5844479658632933,-0.01092283189380077,0.23221673039181615,0.2493785498165283,0.0903499488911995,-0.11207662086749391,0.013849159045511173,-0.18089590721267834,0.10497827863872941,0.09673428076931641
6,58,6_58,0.20720476906916888,0.31065130690058745,0.16338248268603994,-0.39921474542017005,-0.11714165195701674,0.10589353962613259,0.33725222613391104,0.07768887867349268,0.0053917973595559564,0.1533084829409787,0.05863026292860278,-0.06780684338354456,-2.945810684699886,0.060233294242697716,0.0401538718274574,-0.02352357028335154,0.11399508172544964,-0.060642175834366915,-0.3224906500082753,0.020659326509393703,0.1082622468155818,0.06402100359402828,0.19348840956230778,-0.021241232369631678,-0.0428670013748612,0.4433717471709327,0.15217964130913259,-0.03669685994305078,-0.15905778792097744,-0.05309471549059184,0.25204113642596454,0.015542973913542429,0.23809665594809298,-0.03313481496023099,0.5619157036467276,-0.01380111402698017,0.03866904218642994,-0.05527619409145242,-0.0426979751503176,0.35146711029275013,-0.5676540952929086,-0.016659758361526732,0.22355963949469498,0.25797560378128126,0.08854041849089064,-0.12103190013791114,0.013138029383786875,-0.16393228980069996,0.09171535869964581,0.09683840315596629
6,59,6_59,0.2171816932200302,0.32204084119821386,0.1694417516517043,-0.39166009777747013,-0.1022769033904786,0.12923513740234047,0.3473202244624392,0.08770957872046316,0.0305440411199146,0.13164302504627534,0.07010169060340797,-0.090773766659746,-2.9230741046872275,0.06616525537555547,0.03560390012002193,-0.029795184105021924,0.10279512555112207,-0.05148145622621475,-0.2820060614360525,0.042289111627896586,0.12282404147493318,0.05234842979053592,0.19779860860737744,-0.0111136951776473,-0.04331981478573022,0.4594047507456319,0.13923714488878144,-0.043704358032278866,-0.16939752329988528,-0.0535691541212272,0.23744262852583006,-0.034514115928405434,0.2262339850772002,-0.020475037038837768,0.5520757039915567,-0.015487621093001714,0.04954615672666038,-0.06833900891200764,-0.04620028332381536,0.33163176511651743,-0.541103800803358,-0.028738855439834784,0.19859503114049187,0.22493392492498399,0.07667525112787454,-0.10704616275144242,0.015167289488839315,-0.15427888350912283,0.1016834240639075,0.08974899046219026
6,60,6_60,0.19729181280232755,0.32428084067913854,0.16534178266166122,-0.3877846153477858,-0.0867401786413167,0.11201320250583839,0.32791887484242216,0.09962508254752322,0.038831454732944706,0.12978190582220722,0.07020911387194997,-0.10173738190779368,-2.8955145484035456,0.06526037139691061,0.03378815009601717,-0.03828729473004113,0.0761725686706554,-0.04460297642456954,-0.2755509504095597,0.04593847243050882,0.12515947038762146,0.02025502331349185,0.2022190601740132,-0.022487967440805362,-0.046522983489586354,0.42213341730827064,0.1756036720358432,-0.052191493352897717,-0.1519067209629055,-0.06683290189391203,0.2308296777536297,-0.05796342767923121,0.22306711785382258,-0.01253840160834178,0.5881655810816774,-0.027459249156414196,0.05144158155316582,-0.07103573605155424,-0.07523178538324218,0.3507323494526892,-0.5788366756123916,-0.031167385313892737,0.2332405100629701,0.2253596931056996,0.06371980764268001,-0.11644075185600758,0.018261413929986235,-0.19037451937023858,0.09448953928978034,0.0522017522098483
6,61,6_61,0.195437682033625,0.30607949416376756,0.15248476330974892,-0.36767133336914126,-0.10262498321451673,0.11595905784025556,0.3437347968850853,0.1091284605928467,0.024381758358331507,0.13553626075423833,0.08939829250070198,-0.09500527002593492,-2.8993021311227887,0.06515605787248883,0.04435432566485057,-0.004674862501327222,0.0827395073309183,-0.05581394958163159,-0.261513272163887,0.028218949390548982,0.13169138853500353,0.0431647492655866,0.19486547169643242,-0.014247446412948686,-0.050103338420493686,0.4329501894768985,0.17814197177531088,-0.02232674911939197,-0.14193103798549347,-0.07151462745755427,0.22870719322597996,-0.05018641420302644,0.2203310744654082,-0.022648931254032938,0.5745435659628951,-0.0009721359362994126,0.06208238406243305,-0.06450282718694741,-0.07127610502792864,0.3671277117873358,-0.5710008203678127,-0.047906725254044,0.20571224945481428,0.24618431437684296,0.0801978531355396,-0.11826753256136109,-0.0004922945083955587,-0.16269493597595147,0.10351486844395413,0.059684393844665236
6,62,6_62,0.187397227539101,0.2934733262335378,0.15790926791879834,-0.39271161958294093,-0.10390529617848045,0.1111581671797032,0.3432733756241113,0.10022496383925665,0.03138392397248129,0.13666552541566626,0.06956702898102358,-0.08086653072650563,-2.9438108784972497,0.05287097716086607,0.04660433027238011,-0.023391971705969586,0.09784296424049041,-0.043708852488154384,-0.2793985362224714,0.04860655374205584,0.14957787495314395,0.03900612204675358,0.19441248596435026,-0.02689478777765601,-0.039180571827656774,0.4490724126888884,0.17857409669386756,-0.039712343250369105,-0.14854359977260678,-0.07067264966906851,0.24417933085424467,-0.02360108735350271,0.23184736134080253,-0.00605659869870089,0.5838959995458055,-0.0266100531275554,0.06096902224176663,-0.08135107893982914,-0.07972453474833872,0.36727957560903385,-0.5722731262761748,-0.05360251879293922,0.19822356733037044,0.24261592787034433,0.0771181724384228,-0.14034646091896327,0.018023312312028073,-0.1780046037499959,0.11196653990154799,0.07448681871389894
6,63,6_63,0.18683845518631334,0.326642381210091,0.1718752955060171,-0.37676238574456633,-0.08403497092109526,0.111662735072193,0.34744045437700205,0.11016816215343633,0.06731427743737718,0.11275951543664735,0.07326242280113598,-0.10189434488431358,-2.889737707488942,0.04872890635621997,0.026964639261499335,-0.031058170897710437,0.054300805380488835,-0.044894694001249145,-0.2570304183904433,0.03734820872292094,0.14394785957410933,0.029820435886482165,0.19734610414125886,-0.016244998170427523,-0.024613876074974266,0.4265539017242362,0.17590355976937197,-0.0149379377630056,-0.1596600067568943,-0.09757817780229984,0.2016725792338685,-0.053384969433888194,0.22360176229014783,-0.017255640473603357,0.56066266866928,-0.01716685870438287,0.08090071171754971,-0.07289215483156886,-0.07035873022978194,0.3656285224620798,-0.556346837311702,-0.06958128701985258,0.1946963430815574,0.24071598162013547,0.06235943307599299,-0.09931633445974615,0.015075747446730329,-0.165073562178372,0.10532651377033513,0.04137547209525024
6,64,6_64,0.16710456100475998,0.30783442603718475,0.16522856724455426,-0.3734761352900097,-0.09399004725282353,0.10299847986493745,0.3187530336098323,0.12090260966431668,0.048807100205921106,0.10815448499090803,0.09001384812591015,-0.1011258073533681,-2.8376494992842907,0.05043077574987449,0.05033782387438376,-0.03531931691541645,0.06349084169697362,-0.02855471816981994,-0.23229992139104713,0.03684404926101043,0.13997310835895818,0.029316181645661136,0.21321037363565656,-0.0487252411083751,-0.03993957546421891,0.4367622933947727,0.19100527930052666,-0.039392333836069666,-0.15972264021718147,-0.08706987322114242,0.23114278875520716,-0.06901083242141237,0.2175067108571114,-0.04073704240348564,0.5665816648215831,0.005700446824546641,0.07649708477274747,-0.10071592879127607,-0.0514908536683749,0.3262387495297509,-0.53870889374235,-0.07303915577693963,0.1887861439410435,0.23321684890709726,0.06121591582220583,-0.09730220576194305,0.007779276179371326,-0.17024573630767573,0.12477199242322197,0.04635638836338479
6,65,6_65,0.19841816949009822,0.3114005945641182,0.18110656885284127,-0.38885546408386695,-0.06244362509212901,0.11891098773362589,0.32933084637815363,0.1016114563553737,0.12584692752464322,0.08221240049902216,0.06110978736298682,-0.16884395206465805,-2.8624194384692543,0.08854661370190835,0.08836851531131425,-0.0580101674083077,0.005261210532588093,-0.03493122037217094,-0.2037042611433814,0.041581104572115196,0.09319067486444658,-0.032343788426563456,0.2063941157718183,-0.08460982462194949,-0.02926202163055921,0.36668018975815003,0.1867633602320174,-0.056434878184660975,-0.13155950452303788,-0.1244029823992724,0.23820841595381376,-0.1373637031434567,0.18593945199687617,-0.013767841978917762,0.6206454418636128,-0.04454861164589114,0.10799854089432925,-0.06544069970008351,-0.08654724331755265,0.3388824714256414,-0.6314427108409528,-0.0746343627049332,0.16063332498795277,0.21547232110848805,0.061969221537640576,-0.08245798214825686,-0.023014528092698442,-0.20593756061044272,0.10553955543996292,0.05996406489413584
6,66,6_66,0.2113185555730794,0.30601316382138,0.18835573959051005,-0.37952206077712797,-0.08055707943597419,0.11589367572481996,0.32730736411139,0.08940691860506006,0.06455047352502254,0.08832146897876614,0.09801996506736418,-0.13265788693250133,-2.899338816055327,0.08341822335985666,0.02756398851640643,-0.035553445935978804,0.050800312626062265,-0.023131570941680057,-0.24613890464857457,0.03722348765597569,0.1260230753260059,0.04485873802885512,0.20562172541820875,-0.04192395716691576,-0.03251807566045185,0.43955452587673954,0.15209079599680783,-0.033388531863106904,-0.1548754056214493,-0.10053020777506577,0.21054440037216354,-0.07010302309410739,0.22857651944288154,-0.02459500471135325,0.5487668058930582,0.009954112378735194,0.08625326254148348,-0.10629809719329777,-0.06817683862865737,0.36185669964852213,-0.576067567576332,-0.06197199947466302,0.20167726723007157,0.23155068253793756,0.08116251827986068,-0.0830311647650853,0.005156632168264971,-0.17774166957167165,0.09099166005665699,0.0321344475708052
6,67,6_67,0.17637896989723398,0.2883505347799278,0.18722384351791613,-0.3379117418032263,-0.09520175245895918,0.15611430796329898,0.37263274400425433,0.10985016499339753,0.04176387150194187,0.10932739716046393,0.10792819448240504,-0.10147498095049658,-2.953547573930495,0.06393495758297887,0.06259214425028622,-0.01128691327622879,0.04459377788130437,-0.0501309348090602,-0.2296512422250406,0.01520537286784299,0.12204267016222654,0.05629885030902644,0.2068969613357536,-0.031496300305050504,-0.06228939769982797,0.43947431527047237,0.1519130923866422,-0.026576600144752514,-0.1466878892967856,-0.1005882563449141,0.18630614553428934,-0.0867317689237807,0.20424034881392972,-0.02867445188064391,0.5690318389942568,0.03955944072787507,0.07321258259191336,-0.1030343449959547,-0.09695266101582273,0.3505908419084407,-0.5332188447125843,-0.10085464494966581,0.2129405200927271,0.2092399819526064,0.061798231015361665,-0.13327774805832207,0.018709219621298293,-0.1498517749779877,0.09889695835367417,0.026426329549896644
6,68,6_68,0.1700704478425905,0.2877888571534116,0.19964447139488076,-0.38429484347382686,-0.0659008930226449,0.11615624598235334,0.340536792517908,0.12681943864090037,0.08119664504883368,0.09527004099652266,0.12237086971127625,-0.12755127350989162,-2.8682274525448426,0.08587187490047654,0.060483730009902995,-0.03771099547009078,0.0388434732246994,-0.03319731697941325,-0.21073481397135024,0.059128893915192875,0.13411187150286732,0.026211118395144308,0.22849168555349333,-0.04587213492457029,-0.05611078596922522,0.42703200824029935,0.17337846123984368,-0.034279195318604405,-0.1502018379426356,-0.1251944912182345,0.23278640977033488,-0.09135273576840379,0.2286404696040613,-0.008530632077747862,0.6164652396395992,0.003081624728126325,0.09220880945737255,-0.11629690383341444,-0.09447490877542897,0.3791137020201304,-0.5673749568868207,-0.08628213954734285,0.19728910981094655,0.20995844462077465,0.07188201705225689,-0.08436132420764021,-0.0025906038472539414,-0.17635057079684685,0.12662132193857406,0.03007688873882309
6,69,6_69,0.17682286456201068,0.2933684489022975,0.17966818650435665,-0.391647557776089,-0.11747274629579324,0.11167605325334788,0.32027283831643805,0.1324485171872497,0.05635956885564215,0.11220282429890453,0.1098164088169808,-0.0997175490086026,-2.8190794433226607,0.060191191712114525,0.06838530964685928,-0.0658343234078952,0.06407223125327238,-0.03928971355511783,-0.2227890681273997,0.058629872224705205,0.1328167518137073,0.032863248240185175,0.19590142775576194,-0.04501021972708754,-0.05746767416316579,0.41729414728448283,0.20967658280456186,-0.04223791747834936,-0.14335381872339847,-0.13403850273248857,0.24390704867890772,-0.07084991942387196,0.21300828108725797,-0.007492022408487301,0.5731442805309671,-0.008708603508516866,0.08206065354962776,-0.09173812138498522,-0.1093781042970857,0.36646603987040655,-0.5683019656814775,-0.10107436641819005,0.18696277543788714,0.2571560349927542,0.04634668417162909,-0.10237101160925528,-0.009842437756752831,-0.16024239293732484,0.10659772909654659,0.01461849961115021
6,70,6_70,0.1769464508861347,0.2983669993600415,0.1643621372695634,-0.3632503053640903,-0.05297653498826094,0.10477328788175555,0.3658905685974787,0.12482640670532419,0.0972774382607895,0.08331603154397271,0.07963196701894049,-0.13106644652270916,-2.8514632740989327,0.07745686669113638,0.03814872233215283,-0.006354763321724022,0.011205877678548859,-0.013117996818891697,-0.21966977409101673,0.07490439282810257,0.13149945695863607,0.026728696771101568,0.18761728163985936,-0.030807151678573064,-0.03931418025695166,0.44505430563617665,0.17949118928117969,-0.049687726230331464,-0.1642811744732171,-0.09240309155302384,0.24191137979551058,-0.10293302916375069,0.21686347051854682,-0.020120804812279403,0.6013022050774453,-0.027470677151541167,0.11203145285071514,-0.09336504627685827,-0.08855615699565078,0.32469109673002094,-0.5548981986612489,-0.09805941146896657,0.17052001105821546,0.21034205230387215,0.09558231127431327,-0.10158204790150194,-0.008752641145804319,-0.18993055087366884,0.11239283828990665,0.06794227398592056
6,71,6_71,0.1925109904301776,0.31961896637115966,0.12436394954777577,-0.41247602978149767,-0.12355394127430785,0.0741752442819151,0.34809306851080196,0.1333243566222336,0.05696277364940298,0.17773397968743335,0.06533806327323956,-0.06019162545933134,-2.9785563479770314,0.03368756442531859,0.016666514526547292,-0.031711473648796194,0.07064622919894067,-0.04341597671710505,-0.30752389331729235,0.004169848828513006,0.11421130306447264,0.04345610568098809,0.1867262533908202,-0.019859505382324144,-0.018935499859402294,0.3780695893748833,0.20794332238041202,-0.005414084462046793,-0.15971967881804713,-0.044947015987285836,0.23565870540809225,-0.019963491784239357,0.2052246382126627,0.004559122467286546,0.5370902189434591,-0.021890999350051225,0.06231138927290555,-0.06449340456165373,-0.08446976909869011,0.3720460831245873,-0.6076938282317397,-0.018890998299519363,0.1849996803975955,0.2649195401544355,0.0974861640615431,-0.11672422085036735,0.038341226671367294,-0.1704064091265371,0.13139339393346744,0.0841929130430799
6,72,6_72,0.1241301090137426,0.30518632433035026,0.09773059655055284,-0.46637803334192324,-0.17661823004115218,0.01329294218123015,0.19957193794449013,0.1333179401303344,0.016791904450784,0.16140704288592966,0.17075252132162974,-0.06032062877096405,-2.7355636737217157,0.021676002470023388,0.03667406360570419,-0.0993686485373543,0.06502262283225928,-0.024962341146225246,-0.261290056428637,-0.015792583796781855,0.08492179297003002,0.08411774026771514,0.21074422187627123,-0.07892505226793667,-0.008791227296095924,0.3328891618388553,0.32277519093322815,-0.006700969063126431,-0.21396180316314886,-0.028563082676950676,0.2588000238654367,-0.00924696992434109,0.24964041763264982,-0.0129918338769903,0.5507891095204713,-0.011283143894552006,0.07299660210432217,-0.04219710291000663,-0.06705187982321678,0.4412832944430768,-0.6257917716364249,-0.06501597802105624,0.12118972475424196,0.3108595600173163,0.07215996217518188,-0.13181923431200765,-0.016507072007125867,-0.17215635205418936,0.16329140175766604,-0.029266239775451848
6,73,6_73,0.17625985519860457,0.3172563650921312,0.15444823023392243,-0.4470556714629566,-0.13821680740207393,0.048603155940975154,0.25629983176529575,0.1252057973411702,0.04167506928683855,0.1561819824795605,0.1090162722694719,-0.07984307330831614,-2.8194552507963073,0.03997139688712032,-0.010535697765639208,-0.05487606549872857,0.052257753461285424,-0.023883981093910805,-0.3149448133003767,0.010511617092520333,0.10566539702821899,0.07121986570513646,0.20416241643107966,-0.056425989095875054,0.0009325594378352751,0.3954776244335468,0.2301983136770033,-0.03460591592161466,-0.20737575611813788,0.0008432693740227417,0.26416523649430507,-0.0033156401655647194,0.26070961542610666,-0.006601817691384741,0.555169550118068,-0.047199138873609915,0.058079100585427514,-0.06151205037610626,-0.05814841915892563,0.3950468837257391,-0.6100427992788426,-0.019345424304743432,0.16246263599709942,0.2607755546087891,0.08726049339205152,-0.12917266730323768,-0.008293452194638111,-0.20174146507437643,0.17418183440696042,0.10051970995113703
6,74,6_74,0.16854521582822304,0.311437609947188,0.15737548826577033,-0.4093411082501997,-0.10987414872940708,0.07649996289037765,0.30789128741735766,0.11980273866244837,0.06954621909100422,0.1455897623857836,0.08276194145361838,-0.0749614085107122,-2.84947573162183,0.03926563890986208,-0.010691189361396866,-0.03341051395046811,0.06503648281507846,-0.03712835068814556,-0.28285375402035645,0.046988867832357284,0.12777511422830687,0.05918287742269502,0.21596347622783163,-0.03784693274074854,-0.03183554224002433,0.4273998035466038,0.1766452925925782,-0.03998839538687452,-0.20865696332490535,-0.016568911204443537,0.23753483543719195,-0.0299414877518344,0.23469509167315394,-0.007372512851616069,0.5398962357440652,-0.03585248315744992,0.06275099402236149,-0.07113917652635164,-0.06544536843545475,0.3612506019250321,-0.5421354474226464,-0.011322909514107837,0.1659770202396359,0.2502156207798869,0.09743376850085365,-0.1107199223444987,0.037956351321746844,-0.17965091441268477,0.15564331416924304,0.1056537367386621
6,75,6_75,0.18797045292188252,0.31866547807545303,0.14709053586206022,-0.42248437923363186,-0.10577295794867277,0.10409993864545711,0.3220556798965092,0.1499199417002242,0.08517005894903158,0.13509004855009624,0.1291757684586377,-0.06729417737483737,-2.872325859429989,0.036117693463893374,0.013081535150408384,-0.053056658448346346,0.052549154849437965,-0.026003895826228283,-0.2611046074218456,0.03391045332557104,0.1318934521936924,0.04074469634837567,0.21701888331748204,-0.045620473914666566,-0.020588313129713962,0.39006688071671747,0.21473436089782527,-0.028602248880658942,-0.15178989559705047,-0.06274790613051978,0.19537467153839252,-0.061031660328996526,0.23206771759653527,-0.008181298482793802,0.5607706871413594,-0.026280669894762906,0.09164432766819713,-0.09364125199800614,-0.09306696827166136,0.3901307104026963,-0.5761456871164384,-0.050475874811346674,0.17425554336434038,0.23248683928726804,0.07914419351499387,-0.11745561322133088,-0.010880494195715011,-0.19955796470006543,0.1348121351381357,0.05549006752071677
6,76,6_76,0.15173974982872096,0.30185309624357615,0.16061632561710817,-0.40851141766142973,-0.08392217294385773,0.0592808788290616,0.33037577527284157,0.14223088831689287,0.11947718159535725,0.09912824184539204,0.06777239370876487,-0.10436383601821338,-2.816932588505248,0.029962608846290095,0.00797140345457592,-0.04186662796807165,0.029020774889128614,-0.05200646464982128,-0.23053056546693065,0.05950709180206104,0.15231188802742204,0.04756606266304667,0.2240589845659997,-0.02429463045700686,-0.024888424494141265,0.392817842262654,0.14366444125880662,-0.0013866349739449408,-0.17727558144542854,-0.07934533879597438,0.20513172169315416,-0.0650467602226854,0.24923202933132416,-0.04304966477888191,0.5436669942525137,-0.04716051250458501,0.08505902108299779,-0.07103935535027024,-0.11484267560202473,0.34092821121278877,-0.5474719870495998,-0.044951844212240154,0.163655969058406,0.24472054248902472,0.04906824895806494,-0.10992532436489455,0.0346093836142245,-0.14349846044509226,0.13511213108116257,0.03424734016061848
6,77,6_77,0.14552794439185635,0.3273010821991462,0.137736028771744,-0.3981840791120366,-0.11125313091852823,0.07987085808471656,0.3381332203840699,0.12818026364160082,0.08430913860124915,0.13464772434855588,0.11060200060860047,-0.06526536393600206,-2.908471158533185,0.010145497420496584,0.0148645626500015,-0.05766131448453288,0.03934867919370946,-0.06529316127718496,-0.24030110947421268,-0.0017696256529436344,0.14219595231137377,0.04371139486600576,0.2207113188449983,-0.017308549882188714,-0.06294867097339765,0.40910999629111894,0.2036084733155332,0.009365172630404468,-0.16071275560857934,-0.1006409875591527,0.2196316094998986,-0.035755917425612335,0.2348334912611689,-0.0200987054311015,0.5139890970248315,-0.00262738966288183,0.09106594410823837,-0.07378407538527865,-0.07476313488452299,0.36964769107807016,-0.5298354942761189,-0.025074582748520362,0.1828230524277185,0.23771546448875192,0.08947533810661062,-0.10985069566285582,0.01750023519768244,-0.147751197714738,0.10445146409081106,0.022952053406226223
6,78,6_78,0.12961512976679077,0.32585580684311877,0.09756104165893249,-0.4923250624819218,-0.11186012031408767,0.022492758606960626,0.22344223669787283,0.1247453875633777,0.02347251704334204,0.23444309147807774,0.1816974308598948,-0.003656087376829573,-2.5882406900182957,0.025606406405013365,0.014867698343934883,-0.08227333434418664,0.11326340821215257,-0.02442211719416418,-0.26800280643142893,-0.016288302682461182,0.15566523421458253,0.12354350423638706,0.2170159105818369,-0.05001122794628466,-0.038549071630368026,0.33713848151549,0.2774887431735704,0.07252695314108734,-0.19567092555452772,-0.05501020909118927,0.22309548133124332,0.012047577816202887,0.2922758203166258,-0.028320513163871446,0.5830771181503788,-0.03542701989145015,0.09373982397953741,-0.041054626973009656,-0.10087496609030298,0.4467507474834586,-0.6085108859705762,-0.06495265344741652,0.17613127613515805,0.3476523290741735,0.04701954535913018,-0.13926288822501065,-0.027400579596695236,-0.18490430123751836,0.18713264179160474,-0.046079016231767
6,79,6_79,0.11933337782662601,0.3078036604120111,0.10668324559392053,-0.5315508950170714,-0.13501899922860705,0.017931215811924542,0.1622143323156571,0.11216962147358091,-0.05226864974909945,0.2771834787115709,0.2715194583855077,0.05001768497735731,-2.4659125128560815,0.01671458490419948,0.05831052970936356,-0.05869419696591198,0.16308557113453606,0.010691359291912185,-0.3525076945990368,-0.08310076387683055,0.15296137479289285,0.21480369459787646,0.23143345152277092,-0.02371938227394919,-0.018469225780361077,0.36468718812659273,0.3105406819473065,0.07803397779236307,-0.174725484717416,-0.03532202563742618,0.20012223466760926,0.08916807526834156,0.36988382351855087,-0.046055862265496794,0.6125455701038672,0.0008273859162938065,0.08973072658847124,-0.01653495293451196,-0.08393801905913278,0.4952026343390428,-0.6134362098759941,-0.14339874698982522,0.17295802049197884,0.4061823041904957,0.06005519496707278,-0.2006028869181302,-0.10917858724926853,-0.15471492260199018,0.24339711904560152,-0.07246427632861555
6,80,6_80,0.12546336552043444,0.2845988680369683,0.1464211398474955,-0.4778604661876068,-0.10935765653441372,0.026317583813853573,0.23912316603285375,0.09545067919486978,-0.006500645447286364,0.19733997404187179,0.25752554535305305,0.026213680570799067,-2.5918129752087244,0.017033696749461202,0.06503540828443923,-0.02789025227088544,0.12806314164756596,-0.00422626521069207,-0.31227943758124327,-0.07756805774093446,0.14901499400555443,0.16790303296929765,0.25436168214161586,-0.029390276996883784,-0.03623104797797932,0.43086984912332577,0.24026129919629527,0.03140861769301905,-0.1773770877501317,-0.05189075581352643,0.1869632207735352,0.04068108926487655,0.3299329465767921,-0.07917826954884524,0.5858984636404717,0.0049044031124155325,0.10279478093741884,-0.034680708639692144,-0.055960306782538216,0.43871808870016454,-0.544604365398228,-0.1315143109395795,0.16408684865552453,0.3318538451055136,0.07747489914651044,-0.18442438126255045,-0.08052414806927366,-0.1583938713007895,0.21860549003115398,-0.025272698074475203
6,81,6_81,0.14472345819927274,0.29723078163752237,0.14796973288728477,-0.45676823526248805,-0.10026652246652798,0.03596377506840157,0.2634069344696902,0.10257685057147307,0.028781360007971542,0.1509531826318485,0.22737947327551444,0.0034206813890440154,-2.6159869161982034,0.02822111101140123,0.06580062902028831,-0.03748960787265582,0.0802497749392355,-0.009345600364199458,-0.25634608266737086,-0.036867317696214284,0.16368769305757008,0.14013643537720563,0.26255534074793396,-0.03789178453969076,-0.036524933817816595,0.45807639019488916,0.18640141786469835,0.019769542847351107,-0.1894082287408063,-0.041109647699443086,0.21133026202617625,0.0037126210518035074,0.3245304378138003,-0.09432229241941255,0.5806286363134713,-0.008205370949557865,0.13049378220405664,-0.06498975590387378,-0.06335609332064866,0.397277422181691,-0.5123529520821781,-0.10116315989236782,0.16358427675247858,0.2886971256702123,0.07095538598506351,-0.14843634511934986,-0.07415404674876715,-0.17678387440511742,0.2034370123195136,0.0157625913748988
6,82,6_82,0.20207919571636243,0.33562954276813056,0.06105447352909462,-0.4607154280672381,-0.11979911284941117,-0.01974099934654615,0.23152801197593217,0.06108513848782679,0.024313132145350226,0.20973058780354245,0.1069322170645048,-0.019720848616528064,-2.4680846608133304,-0.022860106174110086,0.06635366743782678,-0.04641571913170248,0.14323568650297722,-0.03471307968608487,-0.3520597875776202,0.08889273989344512,0.12782264791970174,0.09061213585269044,0.19274274807111275,0.09468077702285282,-0.02911085113264274,0.4161433025281987,0.18860235816605514,-0.008112529910266375,-0.19601469787925463,-0.023827765593758682,0.23308180832363343,0.13158714877415023,0.31930246463925965,-0.12626955521872066,0.4730325005127263,-0.01283137430975407,0.009427997936688316,-0.037844445721579884,-0.04774874595230809,0.3671516191551743,-0.49236965639836777,-0.13705814133784033,0.1775415109662349,0.2779913628137533,-0.054835307523573365,-0.08749458715971974,-0.045071607622283336,-0.2491135904692447,0.1981424308901476,0.07928752682632433
6,83,6_83,0.1889911902274506,0.30254843358623484,0.08720706486259232,-0.44253261618363166,-0.07863902452700094,-0.001462742205457698,0.27242939120661097,0.08212519412186585,0.02405751188618726,0.18305695793280763,0.09894888926827644,-0.039178450294653056,-2.558534183325844,-0.010094275341966597,0.06708798995308794,-0.05153965136201911,0.09975341252734032,-0.0385217871419958,-0.3221652655164737,0.07162307539113774,0.13440411836449134,0.08849286111627379,0.21168155827348653,0.053110045713344524,-0.040611154378258775,0.44552047631314556,0.18922271516508757,0.0025545336804922835,-0.2161637381357207,-0.015175372487956765,0.21811628125139784,0.07829988458143759,0.2785483654694077,-0.08140826442497393,0.4888211333141456,-0.006494736184342788,0.03970701762609289,-0.046860630144465405,-0.05611361500533839,0.3759763570980107,-0.49821788435164605,-0.1253883904805592,0.19432273098989664,0.2728410580994106,-0.03773596745371653,-0.11386720613484147,-0.0184305942823902,-0.25473138513229837,0.20300913566924345,0.055254622329000115
6,84,6_84,0.18380844703866867,0.3059232808542533,0.11986742240525455,-0.4257814268309611,-0.08472818256335556,0.02917626950177903,0.2796379406831394,0.09998118439560905,0.037002662291777,0.16138663343186427,0.10229674579394177,-0.06002210752214298,-2.6524412432556064,0.014500368142597591,0.06803003184335484,-0.050508321497353355,0.06781717770220501,-0.03312705313071842,-0.284286464078266,0.05105456628885815,0.1441780716216236,0.07006058678887553,0.2200784942486395,0.011496895099609347,-0.039869887312444056,0.4346231168308865,0.18038165163430084,0.009174892525118586,-0.21103148014462986,-0.04214935714138451,0.2364072112615918,0.02983011477540678,0.2611417513574773,-0.0605240601614332,0.5293363272559867,-0.006443749870900086,0.06216020055965565,-0.07429985946935884,-0.06646945917468643,0.3693807592505225,-0.5184967411977268,-0.12134389780183982,0.1898189112735301,0.27063774886777414,-0.008265755799227236,-0.11857193676098392,-0.014592330685283516,-0.23494471738695621,0.18394451310835908,0.045897409601243964
6,85,6_85,0.17184222996712223,0.30342346031089673,0.11849685569310536,-0.41707397327496626,-0.09073157968959053,0.044429420695779896,0.2869899336708718,0.11241232693315943,0.05252007786478758,0.14599991975223325,0.0828850386906613,-0.04006028096139591,-2.7325883936258704,0.008770680588750983,0.0648457815347281,-0.04901702410303318,0.039920140426323907,-0.04117416402234742,-0.26101136064978137,0.0620633589170966,0.13701426854113816,0.06745584479996546,0.19877234489707965,-8.692080976136135e-05,-0.03451191286194939,0.4260435369204829,0.18743645506396114,0.013469583840049298,-0.2017173536258424,-0.04681520618533579,0.23822160744060578,0.008821860584666589,0.23189250637017786,-0.037431379947694694,0.5037241528539367,0.01463339363409414,0.058032772007442945,-0.06454246371113523,-0.05860002606018527,0.3556242967569746,-0.5197411359447648,-0.1009277775571712,0.16725010179235697,0.2532451009802157,0.01725309812077671,-0.1007322605021852,0.00084227469089301,-0.21477082212483978,0.1679753564775814,0.04433735141111893
6,86,6_86,0.18116826733718677,0.3104188775812604,0.13807177453488836,-0.3910883241498466,-0.08455612674696483,0.07017699974105815,0.3133653431768984,0.12783702414898238,0.06352240425053299,0.11915983094889375,0.07037865260908455,-0.0878702633262897,-2.738633460848709,0.036470484299560735,0.07200190465702262,-0.06752968703659348,0.01993219336177365,-0.0352165779936339,-0.23785236798264367,0.07377558253652065,0.15806211632361689,0.051257918573549534,0.2135556607688949,0.009329115124731044,-0.02889846454761271,0.43056842870755846,0.17993118726940463,0.02226123216050191,-0.18544628274160416,-0.07037697475030764,0.24094859812131325,-0.043710606468738776,0.24232632482378735,-0.013527920694759018,0.5158429431676218,-0.006246153746166679,0.07982436781807974,-0.07272177290397337,-0.09225528195272632,0.379508378471377,-0.5238045834304187,-0.10728790839127955,0.1914266425508268,0.2531960144674958,0.015457216575274522,-0.08862945201594886,0.013197613556794899,-0.20494118255101554,0.15276258618179625,0.03584419295577908
6,87,6_87,0.1829564454560725,0.30618089710503205,0.1241033883592278,-0.38104207956460057,-0.094171307170874,0.05759736321424045,0.3208410250847281,0.12185975003981306,0.0646974727624253,0.1454202354726403,0.07749818222443025,-0.07292573229241153,-2.8147011047578863,0.035321038068547375,0.05852764706757148,-0.06616821642253651,0.060538511454822204,-0.04981224626730086,-0.23700872039372436,0.047482239146517516,0.14576091332039065,0.061037050783023114,0.22669045980438773,-0.0040589101353644165,-0.03605700431936206,0.4485076118904698,0.17311819057583352,0.004701902135810547,-0.192756011236918,-0.07414454111510038,0.2163838130197023,-0.019769750983531006,0.23165126476714287,-0.033112885871696036,0.5343036479138238,-0.01469736686823854,0.08593375797929212,-0.07246965995557754,-0.0675337956877072,0.3702699614258776,-0.5369206229612852,-0.08515378914229747,0.16992065000355153,0.26062912535835286,0.027320751808833515,-0.10415976657019214,0.026977964508761134,-0.20354023605131927,0.15555366602729848,0.025217940996961234
6,88,6_88,0.16402189976033604,0.29402025383444563,0.14406707426312965,-0.3960717566141054,-0.08365895455796034,0.07031487659557158,0.3308132376779071,0.12001568451925726,0.07337534293646107,0.12310375439380046,0.10624916045992014,-0.06889752935036979,-2.8173551538868633,0.04449991550004167,0.05027035162355417,-0.06500255732905835,0.024195162952482186,-0.031217946542624643,-0.22917841172866735,0.0498254495887848,0.15332769326683457,0.04326139252169577,0.2394225481252098,-0.033801638345589,-0.04327854769521147,0.40225058126812574,0.19421344626278234,0.0009765433078474553,-0.18885508577843718,-0.06817039842227758,0.23409822438766137,-0.05810098558494016,0.2360535243316494,-0.02086659371043029,0.5482972352838447,-0.018576832071588764,0.08950330051260016,-0.08716737550904836,-0.09770655733636817,0.3891151252493281,-0.5532722264073332,-0.09121255621383291,0.17498660953048512,0.24470724026902396,0.03293196756340316,-0.11200049627126288,0.004623020126018673,-0.20132662355066147,0.14245381906353277,0.02602690612942533
6,89,6_89,0.16400255515277798,0.3036271300413372,0.1365669583726455,-0.3837123682794353,-0.09183735862281858,0.07548270986141527,0.3143443330640302,0.11580623399931937,0.06613095629576812,0.12124693625544965,0.09595593463588396,-0.0717400531520081,-2.7905907423005383,0.025985531722031094,0.05561075262958184,-0.049543928552062855,0.03871006630173617,-0.046796566559522246,-0.230264901630375,0.044894347471075464,0.1264538869915037,0.06726752087665612,0.21548667489934495,-0.01333177134536741,-0.04412433250156669,0.4201955487989985,0.18553016407689188,0.0013359453749623806,-0.19601847069995368,-0.0873260143004796,0.22019254853473016,-0.04357932985815055,0.22927513254779008,-0.05314133228131515,0.5264911145927823,-0.0014659715756801341,0.0947813294365016,-0.08155034409507232,-0.06256979940239997,0.3707654090222957,-0.5437676143892767,-0.07322673575076111,0.17203423648531657,0.2376808005099712,0.054808730785229916,-0.10519021569360869,0.005069346553646028,-0.18736739695161198,0.13769383911358413,0.009149572472635877
6,90,6_90,0.18258599498768496,0.3531661136916197,0.10804234463119872,-0.4107221593256617,-0.129680093994145,0.042918160527615865,0.27443768440260546,0.11605893679886681,0.08419317149008358,0.16564632422807274,0.1225011964146627,-0.08291461153284592,-2.6948882589320173,0.025519938886306492,0.04725210857225441,-0.07160989219770852,0.055902138456703214,-0.01778985131271181,-0.27486636530991426,0.063552156006213,0.14833335573158907,0.052875778060054265,0.18366622433057564,0.04847405092759418,-0.016602669410141453,0.3780142849600803,0.18442718489736343,0.017866348156604248,-0.13556087530048577,-0.07596668425219587,0.20681835886897096,-0.013298748343392518,0.2916721858992046,-0.05846304121273648,0.503011880708739,-0.011309713824014297,0.06801434369002539,-0.05993500603030303,-0.09350210930662965,0.40514684132762063,-0.5620700694777134,-0.11806377790818268,0.15743812731992524,0.28626499773979486,-0.0025628418907691418,-0.08054533827188523,-0.016874425786257793,-0.17922444734284596,0.14087769947463047,0.04484775282849534
6,91,6_91,0.19564694081335918,0.42388760965886396,0.12304297494212357,-0.4100855514307258,-0.11418151808686075,0.044578171652206254,0.2568963421971935,0.10955116166749373,0.08838609841095171,0.2038916699849984,0.033372010865464506,-0.07278075895924628,-2.6198007463041457,0.027925315145022892,0.05256430502808981,-0.07528458826755374,0.08725071961139708,-0.03488583734555765,-0.3148686530175404,0.14193638073329423,0.13093630642936385,0.03921243619011453,0.17324839128715602,0.15707766476225787,0.009737472917701476,0.44989280588714115,0.1352638228937856,0.03293009378027515,-0.14942603335830137,-0.07562522423685304,0.2608744743521663,0.06803387621547453,0.3171729544171415,-0.06637349710569926,0.45129734782203706,-0.018743231393143236,0.016670912524865515,-0.026994037838001476,-0.03135544543002176,0.371996284255551,-0.475931115902587,-0.13131689500719332,0.1535000368308497,0.2640246695317266,-0.0626624549361637,-0.03011549434717785,0.0031489672478745064,-0.20835795071070154,0.14949234143799883,0.1335294634230498
6,92,6_92,0.18394255845776933,0.38704496043523196,0.16093980845832803,-0.3887246512548794,-0.08613288428611884,0.07266017988555275,0.3131862742522525,0.12072760151045862,0.08383471878148022,0.1582649261908417,0.022064208188671972,-0.0966712656280659,-2.743098839875205,0.03963253506396227,0.05991445536922082,-0.06879920368159126,0.04197387627773906,-0.03560166234538879,-0.27686263912118964,0.10561026907748002,0.14350452980698256,0.02394226279114071,0.18403432798072086,0.10304072079863566,0.011901410830935537,0.45214200893977696,0.13318902666863297,0.027423968281885126,-0.14911986263594315,-0.09432183118613596,0.25257655001141244,0.0017390889486360451,0.2794786287896414,-0.029206927845716556,0.5061609342955015,-0.01843874504437375,0.06152451063657603,-0.04995981748689757,-0.05875423376707697,0.35343387446995367,-0.49446649766477135,-0.13559497533270798,0.14933035946194428,0.249219518436416,-0.038616479802385785,-0.047635121009548136,0.02562568442798625,-0.19726238106518354,0.14673183141740964,0.10587423684985062
6,93,6_93,0.18138682501226183,0.3681891752797647,0.15318313674213022,-0.37410135021756763,-0.08522158850531246,0.085133363552044,0.33276949510789594,0.1309121638672542,0.0906046007991872,0.15608986041381218,0.01940331832543225,-0.09631615804795804,-2.814904892592941,0.03479707368093281,0.04581255658896918,-0.06175961242742306,0.04093654403185596,-0.04350724900706437,-0.25221017069133506,0.08889876278807425,0.15463532939812305,0.03144928439154587,0.19653415534929825,0.08036585727930573,-0.0031492651201696633,0.46229217324385863,0.14041780126579068,0.020338696842260178,-0.14701392862128346,-0.08600607172197076,0.24039768043309762,-0.014393506143710384,0.26632873619399733,-0.010543183811026254,0.5271143385378623,-0.022123339831132707,0.07683724595315153,-0.06117184356729411,-0.07020305843401306,0.3590495262934198,-0.5006312543898537,-0.1068004247432487,0.1650187187624914,0.23879717605481093,-0.010478157223877299,-0.06893006572590775,0.03538333839265394,-0.19177463051976185,0.1439203546135008,0.09392870797189115
6,94,6_94,0.1908923646741486,0.3621209232305551,0.1379171712739995,-0.36433459709698096,-0.09443391164366004,0.08071646511757202,0.32054965858379747,0.11922274159196826,0.09627946881263619,0.16075344408634076,0.04523086338912679,-0.10048739437181389,-2.819761977889916,0.03119308274599905,0.05272978293576715,-0.041436097803901846,0.039946915848974265,-0.045952319144555255,-0.26168591529966784,0.08953653734126153,0.1665527034166433,0.04009641857261247,0.1886171931479156,0.07181785800593632,-0.018711458846314043,0.4658540744374211,0.1310157563102838,0.011035923508443818,-0.17232656436329907,-0.07877745025011458,0.2301931626184896,-0.00972893046987892,0.2523275712835063,-0.01632967577336275,0.49442644025370897,-0.003633513190723578,0.04826221057870809,-0.06768456711559827,-0.0531324338325046,0.35076783686055,-0.4900237281004637,-0.08716471292358531,0.17968699889392067,0.22533779865409043,0.00028687662114218877,-0.07851684296027354,0.0383091320291608,-0.17934045851903294,0.1359067951344758,0.09556216648157138
6,95,6_95,0.16924588198565085,0.365067074630844,0.12927784056629912,-0.3605168114857937,-0.11536708904908217,0.07852362274910077,0.30452987632357176,0.10959274295552374,0.09813257075967488,0.15676011291874467,0.03291360478848729,-0.06464735084091586,-2.8090732589252223,0.005266974366408626,0.051538982531156276,-0.05813902149519065,0.0631287982204702,-0.05903967016623474,-0.2674535418927377,0.085288727277384,0.14823746157162418,0.04142064372948723,0.17713206314525914,0.06862531577720395,-0.028213191607294956,0.4478493705967772,0.12255251908170042,0.011073808935848738,-0.17296308339949845,-0.07491787160910601,0.2240971735380531,0.015285399957181272,0.23963976752731117,-0.025875898065698028,0.4656558623524828,-0.004888789922127406,0.024032186232859607,-0.055748278249359184,-0.04941178461115733,0.3413552395298901,-0.483978509148111,-0.06930332857147956,0.16318393251366217,0.24632829598750647,-0.005387323199349949,-0.05555122235603456,0.047081968611698326,-0.1655213895168819,0.12635868755824095,0.08628256906563254
6,96,6_96,0.1660535309264475,0.35501034072943644,0.14047068899250056,-0.3561140758410913,-0.09443672124431347,0.11033060930588526,0.32693277726603753,0.11947249989656086,0.09892604351965788,0.13570310490527698,0.027511070381227718,-0.08942082823478467,-2.858370806849661,0.02027526680557649,0.05338621572493832,-0.07763772323903018,0.05143407859617759,-0.06008803578586916,-0.2470558541406588,0.06717256056246795,0.14579578342322147,0.03510649196875821,0.19399724496772944,0.05700506660156083,-0.016948009829840512,0.45919677165450007,0.11990466925785814,0.032011007624848604,-0.1739627910546689,-0.0845667449974259,0.22301916942945887,-0.020785165445758976,0.24697731460658953,-0.010934306300358623,0.4917397299942087,-0.028969219867359237,0.05082394672828932,-0.05963336615864552,-0.05817364191082191,0.3537798847269746,-0.47903277253521404,-0.07014593769224255,0.1685772125291013,0.24238350122481342,0.0017649514746547466,-0.05260800417185085,0.05711867732626912,-0.15439919308565225,0.13509474030351892,0.09313360910548087
6,97,6_97,0.12654403423381372,0.34915225439116493,0.13598676678995317,-0.3725331486696706,-0.11517189274453107,0.0895548713820377,0.2888310797031216,0.14061935587315805,0.07777396127604892,0.160308004564333,0.05957248054991285,-0.07667552744144199,-2.823621850898465,0.006515654012648688,0.03699538118578919,-0.08639012876429654,0.03308624250467153,-0.04862626592020213,-0.2459486812626999,0.022624388995514493,0.14548760287903545,0.07990710793151752,0.1949090267933822,0.042239863022014795,-0.03884078311780559,0.43425715348626914,0.1835240478730045,0.008676399945613717,-0.1784982020448957,-0.07312315254672504,0.22193163786988945,-0.025558762616888553,0.2500420618015366,0.010886448304848204,0.49329795062893944,-0.007260958440317057,0.08950725588892823,-0.06076487498212468,-0.06747857902726243,0.38483089446692,-0.5199226803995975,-0.08021436644392514,0.15723520688911288,0.27045246304905174,0.018366365285695005,-0.09727090984389196,0.03340912847849601,-0.15124790168826263,0.15066912572792693,0.041766995628256934
6,98,6_98,0.12005262162681161,0.34544645575405397,0.13301178468880084,-0.41191087316590985,-0.11097913148147882,0.07538993429846849,0.21372616452461382,0.13348644591029046,0.025428619344672533,0.1943334347405719,0.12622595977170378,-0.05237069822275866,-2.66229385672973,0.00233630105300299,0.04407905227982365,-0.10422269382344641,0.06800881642371227,-0.01632034216291776,-0.2537935809246381,-0.016827808925070225,0.13512203911331502,0.14883289747226877,0.21676556058709817,0.014152993694291308,-0.01780598805071782,0.42984280120134444,0.2358740378945525,0.032559799569834846,-0.19442717322948488,-0.04694724972802959,0.2125882051662707,-0.0042162052497596815,0.29453639624804556,-0.0050111210551328726,0.5290801557154533,-0.009276371220651237,0.08265143651478,-0.05879816604920276,-0.068125559344534,0.4097411832091753,-0.5221497149399992,-0.09991648095740896,0.1588305069239263,0.3096488552458859,0.014904541815620467,-0.14832612512480714,0.006525720681486039,-0.15474787884736793,0.18297127914639855,0.015591192466338258
6,99,6_99,0.10436403320618488,0.31539533417393995,0.17732536432352278,-0.48610354786151183,-0.09506820224056518,0.08435586271673275,0.14606873176568122,0.11392359614449447,-0.058444718435174854,0.26183754866320713,0.23423785076803444,0.015616733243766634,-2.518189667510528,0.012193294689374029,0.06528927219849003,-0.12905230443045804,0.12083061136243627,0.015585786304200546,-0.3009499018072913,-0.07292943025166042,0.11080116783312155,0.2484832404945805,0.276823260732117,-0.02085222434392399,-0.03900571403261108,0.4251683696286174,0.2734338367072202,-0.022110218209292702,-0.22646478557276695,-0.014130031012619202,0.21913296964377152,0.005863920309717773,0.3568139658218898,-0.028472213615143602,0.5846209272653836,0.00021399639196750857,0.12838560416380793,-0.08759415666294203,-0.06043823696125502,0.47234891450398325,-0.5766462198182812,-0.13942615691278393,0.1471891856257446,0.34838161761029957,0.0148277308307728,-0.1911478010176375,-0.06028629595063059,-0.1781455309907811,0.23725672179261034,-0.018465618727953062
6,100,6_100,0.11859622885758964,0.29593003911432403,0.18955589516979873,-0.45303931658213065,-0.0675379568509528,0.09906458411034554,0.2123627605935352,0.09292820532144275,-0.03284799897708032,0.21225503886847852,0.2127926487866367,-0.017667869355933473,-2.6526389846690996,0.03584272720542116,0.06158764792488252,-0.09916028296686996,0.09532692434315496,0.00807175662130428,-0.28756111710450305,-0.04563373137977155,0.12133337981357853,0.19093438085759612,0.2673251956103631,-0.026957590185437908,-0.06421658444758209,0.4569685145730869,0.23500476264825432,-0.05208481103707942,-0.22122808589773604,-0.020972808438594875,0.2439600886132971,-0.02879650113387842,0.32671164199458563,-0.02095599530543599,0.5958275841413186,0.007520437302864234,0.12984852022933635,-0.1119554787185749,-0.054316779037117076,0.43417168754126617,-0.5632585637543945,-0.11854516058049036,0.1566398870996192,0.28100927393381125,0.04752196661205878,-0.1802374181644943,-0.05912208412903947,-0.18660087792679725,0.21692322571758574,0.005808891380154021
6,101,6_101,0.13861901747083383,0.2918961682102592,0.19085588042912147,-0.44348733311362015,-0.05270306583414185,0.10890351906184796,0.23949164087053454,0.10571201238926549,-0.015456752067592675,0.19132821403337463,0.20331719357282815,-0.035790844435900214,-2.6771747080281765,0.04299405715287387,0.05138689764335507,-0.08523953140451423,0.09012589773917383,0.005696231607178808,-0.2708887750574425,-0.023016824322733866,0.13595322042362937,0.17092906298648106,0.27079816813679997,-0.03610469800599929,-0.07036887413410467,0.46588536689657806,0.22149306624582285,-0.052849057559428037,-0.2214770197454771,-0.022091585246128802,0.24884010526858935,-0.049984750460906446,0.3104527008185641,-0.012580294120928972,0.6158550005845467,-0.002403897061913478,0.1351533761397957,-0.12969034704848503,-0.06949604182552743,0.420727039397203,-0.5589804873260621,-0.11409080670022617,0.16886701079755234,0.2654609948935565,0.05095688543874255,-0.16177640063802226,-0.05321431603406486,-0.19777193084402447,0.20891307533077186,0.008539541585600961
6,102,6_102,0.13976318224674386,0.29702395755111693,0.2050353078697784,-0.42063466127881194,-0.057823295931743394,0.11656035434071504,0.2513029593858719,0.10330599250687368,-0.0058339091511325014,0.17694309897199553,0.20287943513835688,-0.059507525189369505,-2.696511115620081,0.057361802116280704,0.05860174475543328,-0.07809157673065914,0.082754540256243,0.012828616463432132,-0.25012664742022894,-0.021342780433307923,0.13919379576750113,0.15867661896136825,0.2681407116423413,-0.033089641661868695,-0.07676069117980627,0.4695595388650745,0.2185888817178084,-0.06414108388533002,-0.2106041124630375,-0.03695547336353322,0.2521651027589126,-0.07079255988497006,0.3059712335587927,-0.014811921288939366,0.62408454434444,-0.003774660035886406,0.14600502730634474,-0.12937363197099258,-0.06741690791724632,0.40770590648071076,-0.564847165478367,-0.13676186985514865,0.14996884970007338,0.25153690724754657,0.047491230875804195,-0.17044390102171045,-0.06426412553587842,-0.19457727681824213,0.19674512712787165,0.0006007303639758125
6,103,6_103,0.12381597940076539,0.30064062720406354,0.17392218720837235,-0.4323150804601115,-0.07410539147880234,0.10996930980981122,0.25017569965812636,0.10370261409451939,-0.0047877471103177326,0.18909240092425225,0.1750079883680817,-0.03392964940851931,-2.767366987162219,0.03698703974325822,0.06524718890697644,-0.06511407471210594,0.0860896353415465,-0.01743909593103321,-0.25830377792193693,-0.03937928691980387,0.12045342922620093,0.14819312408462063,0.24492346115482883,-0.02712775289233205,-0.06285212728797265,0.4488681598572538,0.23891323486626248,-0.040966996377990034,-0.19817257125094453,-0.0486308750960252,0.2483961069590218,-0.03919940037169458,0.28267604709469446,-0.008001216170333702,0.5916887967677448,0.006468423373313884,0.12066619385836155,-0.09957015560120451,-0.062426548201783186,0.3968463351162438,-0.5691796477829463,-0.11784484154250349,0.15895000655257832,0.25597851394028504,0.06387623658572661,-0.16238976200822766,-0.03541760763382426,-0.17426751355889722,0.17720940233499016,0.007004689101982122
6,104,6_104,0.1345933356396884,0.2960905575919284,0.15841490261247404,-0.4042399103289794,-0.06474245088228911,0.09953978712450996,0.2970079293574574,0.11366859338533447,0.018694422470527033,0.18697856260811885,0.1396420758931232,-0.029917254824146207,-2.798333406728198,0.030695907762364326,0.041965387044244934,-0.048758867649487746,0.0824092557464405,-0.0222319632605793,-0.25929184896833735,-0.00010518791254738046,0.12303745702772342,0.12991454814443,0.22993382535087264,-0.0287946791953023,-0.0419181630462281,0.44075041852503805,0.1981787876661165,-0.017322498810108087,-0.19497316610081747,-0.0397248504219627,0.23297647442353042,-0.04091888983582831,0.2588946410194378,-0.0068759241386916825,0.5756088001872173,-0.007433677823637524,0.10529593144935073,-0.10894643620088065,-0.05982860588372145,0.38935395485520397,-0.5688939954188627,-0.09307298178809417,0.1713328210466108,0.2554780719711603,0.060393746373322336,-0.13607520814965224,-0.007106705184095701,-0.17718536876051297,0.1761090038126327,0.01702629278187201
6,105,6_105,0.140576732304887,0.2977416801737319,0.1641443300563192,-0.39664177622362784,-0.04690974869491696,0.09239794976688726,0.33074741184877426,0.11076414246818661,0.023479744156655536,0.18771023312160057,0.10970256385455852,-0.03167217817127379,-2.815887007329541,0.01973521589112996,0.02874179520059132,-0.035019447458240906,0.07903170078832558,-0.05726481238620569,-0.2529601598695859,0.00911059478222774,0.09303348854862821,0.1315266075014591,0.2337048959512122,-0.03489734176170397,-0.041598169025703395,0.43626148829809586,0.17748788990856249,-0.024441439254889192,-0.1925274257046484,-0.08231659901762332,0.2108871139966849,-0.02739009188936609,0.25284227768512113,-0.028866639387461243,0.5386862834005338,0.01977057239194114,0.11475492115369702,-0.10459660584462895,-0.052539671615038856,0.3473329097615284,-0.5475870896207838,-0.08969021730264226,0.1658315188063797,0.22420798517749344,0.06345053861686512,-0.1291994964222102,0.011607966748142623,-0.14776600479785343,0.15097389422314897,0.017720587632925937
6,106,6_106,0.13895165888212765,0.2899421173289094,0.17520987426417436,-0.4001111247787492,-0.07320343421911917,0.09675898247280622,0.3020833818437815,0.10858739676491946,0.021733175810259017,0.1737495973395455,0.1311713393385013,-0.042086797382531536,-2.790256667692024,0.031683618425148295,0.04236773587518593,-0.049375423121856186,0.088839017897694,-0.039245535912343185,-0.25745630850787776,0.00682466100458821,0.12439910249257399,0.12347627642515357,0.23525759840358607,-0.023925405910691613,-0.05320688285933061,0.4379297835555196,0.17839039095186954,-0.030883891375923483,-0.19373748683122088,-0.04645774969748954,0.2326698422406775,-0.03906045705155196,0.2605200021792701,-0.0230049129508893,0.5505617342227874,-0.0038079127266796974,0.10987737787810194,-0.10779187968302296,-0.06911566532843616,0.37320859935735956,-0.578122148719405,-0.09007283042623052,0.1526970896280305,0.2438341293742411,0.05422902294206845,-0.12789606542080306,-0.005242314715420494,-0.17609086898634238,0.16124845549924097,0.02031301394158795
6,107,6_107,0.1641599142258267,0.3147963700358047,0.17557637668955564,-0.40199775265868415,-0.07006114059749631,0.11200565653203905,0.30770941364621235,0.10755016385535286,0.03624953206964578,0.1509548061066942,0.12526596552851102,-0.06615014424322412,-2.841519778045741,0.0504160079929385,0.06641356120575934,-0.04690489861204035,0.06506651525565592,-0.021573530595315703,-0.24370715043761512,0.011273511658073403,0.13288301295579666,0.09310265123971145,0.23328371863460318,-0.04057517617303264,-0.055133415404601364,0.45336974651806733,0.1856458952472233,-0.050354857204841785,-0.18177137698607773,-0.059367838922718706,0.24490945946785028,-0.06986339140154252,0.24947627520286583,-0.005505791111235422,0.5988775283055888,-0.007440787316247059,0.12731375122516925,-0.09912097023786787,-0.06163333943171892,0.3606573847098149,-0.559397364387458,-0.1172607864075425,0.16029158454007383,0.23227407182079993,0.06662440605477472,-0.13679053424049264,-0.027551553447423927,-0.184809737689932,0.16384090085131572,0.030778056019070472
6,108,6_108,0.153778061124025,0.28589974257118844,0.18396939062645515,-0.38762642031680816,-0.057063130953571545,0.10910482391102425,0.3054191551415358,0.1192925906276119,0.019934423391240203,0.15925481246402334,0.13031503724456647,-0.08367340352736308,-2.831133049571486,0.059603261191812924,0.04871526817407516,-0.041586791145099666,0.05289353064925192,-0.016799598527564744,-0.2422873801645332,0.010027974126841234,0.1645261138347616,0.10820344198551844,0.23450775024146459,-0.0424280408527658,-0.05691737114453477,0.4375553426187459,0.19137188497144755,-0.07078377589025814,-0.20272063623453837,-0.07175255221824287,0.23762441084273797,-0.06562194165399537,0.25034845686555085,-0.0014468277386228948,0.6025296370862118,0.0005313368672703175,0.13177422325987695,-0.12643738336176263,-0.05770646076217067,0.3821747481369416,-0.5740249010312632,-0.12647654154078142,0.13798672291995126,0.22039004558659914,0.044399723223598794,-0.15787495058216347,-0.020894174947872334,-0.1853152657542532,0.16853626889567333,0.02228109207542076
6,109,6_109,0.10858643480305469,0.27564361745789023,0.14781993106254593,-0.3621117920262598,-0.10113597635183182,0.06774535030312445,0.2855447509543219,0.12674028157773076,0.05487063320558088,0.13418077003658835,0.10598949653403678,-0.03621311496645838,-2.753811584650969,0.03413086345149283,0.0013920125539782417,-0.04346379249331252,0.057712859983610754,-0.06158951286944569,-0.22536897340104886,0.004217022268303022,0.13676219515846014,0.11387955594686557,0.261670421620737,-0.0014610861656999513,-0.0867593639164854,0.4227014713271075,0.1748135223217747,-0.007350455430197381,-0.2161966890783417,-0.06602067396894856,0.21970015149377678,-0.00595461937692799,0.26777692793520214,-0.05420951988506953,0.49821470793680983,0.008581090512677652,0.0702038046152956,-0.07083829589768463,-0.03836797547141215,0.35412969392873034,-0.5112379302435062,-0.06181318837750171,0.14598994737910695,0.25656409670262276,0.05699970009704922,-0.15974652631376565,0.020657064438227807,-0.12698064318001115,0.1624791067900692,0.019954823399209145
6,110,6_110,0.10895978311418976,0.27801136243064084,0.14340655529075028,-0.35881711210202116,-0.08972438536590661,0.07223713276300146,0.27546385109522625,0.12371075693708021,0.06791769021635155,0.13313815139728005,0.1256084714489573,-0.04202458188415338,-2.7030405406004343,0.050031180672103874,0.019271817173326183,-0.0628320250509988,0.02341773844758921,-0.04541631133941143,-0.20329538942361816,0.0178496633142116,0.12147150903059781,0.08807656717590055,0.27243535523255724,-0.025527217063198795,-0.06039879224384103,0.40029072126750076,0.17886458592666576,0.011168913657942914,-0.2156065297478192,-0.09534532694707219,0.24352742179190173,-0.03996418541289147,0.2864553729407948,-0.07845001238273826,0.5389802585853648,-0.018638566623976976,0.09953751809875871,-0.0879751296395652,-0.05191141621118324,0.36280043110724003,-0.5407863815168017,-0.09801336330790249,0.1297820907068224,0.24030057062948243,0.054990165811492374,-0.13386861008985343,-0.0007251268678634096,-0.1261559039034791,0.16861431081141845,0.015999190081147367
6,111,6_111,0.1496650849721879,0.287398551142563,0.16751091784244104,-0.34187222538873485,-0.06990533018918978,0.08354145967023748,0.3374231423064981,0.12545572086399415,0.06057572649555595,0.12231090875493231,0.11529568273451729,-0.08195680165106871,-2.838804393242567,0.0652350543481349,0.028944518814126078,-0.029825487439972674,0.014608697768943827,-0.04085258704003786,-0.22583118298806543,0.011573601651411409,0.12102825476595239,0.0605508913755103,0.2415512847420316,-0.02863118828792635,-0.04637825211459744,0.41432661488618117,0.16867101252014619,-0.032481653461144934,-0.16379082995793534,-0.09062843324020403,0.2237098457872946,-0.061501862896312515,0.2576262962035562,-0.06378077891456284,0.5771905092271761,0.017504631961222938,0.10583635837281777,-0.09977237197939684,-0.054002803786049665,0.34925453811576895,-0.565089177683545,-0.11374306412455933,0.14096523939240416,0.2201941720891877,0.03938893064659479,-0.12028088924552198,-0.014634952030827505,-0.15248380321007216,0.15383748944959702,0.017660516685362303
6,112,6_112,0.14498823101674127,0.28224502021640285,0.14744977753848093,-0.39207671269776895,-0.09593078092400655,0.06601362704193894,0.26180111194925093,0.08151928441828304,0.04694476005994337,0.15738638281905865,0.12315698351378936,-0.01680481418759022,-2.647601230731886,0.015061776647278103,0.04773405358878726,-0.03428802734677332,0.11939732718151191,-0.055617143273505976,-0.24665608124046548,0.0462523437791539,0.09976713058167805,0.10838680284900856,0.20227150648413525,0.04938231938210783,-0.08148331501232976,0.46836320985763125,0.16060765091690402,0.0036346549731082574,-0.20484457297965422,-0.044227381738589526,0.2663011342473759,0.028510999398630808,0.2854752322438572,-0.08527401210735595,0.46453208610820834,0.0056604541979036254,0.04050117427091972,-0.06363839496470264,-0.0263944004846185,0.34936162974972085,-0.48245755038279525,-0.07550364178885266,0.17887873651668654,0.22701538256873946,0.0447804373387577,-0.08296792473060942,-0.014080480471614174,-0.15495968004792426,0.18029727527466965,0.02862969902405562
6,113,6_113,0.1694216012293837,0.2787525802747771,0.17434852872668294,-0.3861044517125884,-0.06040962515113761,0.10717618805468185,0.34207880296736487,0.12051817140912995,0.06431337600991845,0.16153885480899485,0.09398088342623807,-0.05875271630709433,-2.8534798379860766,0.057577068483172664,0.03674031285704494,-0.04383335588242523,0.07279394391954237,-0.0578732306016811,-0.2579942181806708,0.04903731870937769,0.1317864113222399,0.07763743029193015,0.23696411443580429,-0.0029972558856948095,-0.08176329270402978,0.45406429761890826,0.1469158072628043,-0.0262691517755291,-0.2014058953445907,-0.06946941911813892,0.24804201028978953,-0.041710901269225914,0.23132708548033085,-0.027016260777006154,0.5344287327939777,-0.012638294266457241,0.09162162011484322,-0.10645945742223939,-0.04795144075184481,0.34455312568010116,-0.533054557643531,-0.07052714527981771,0.18142100811288944,0.23381911065876104,0.05701680813395722,-0.08229926931291666,0.021434400029604495,-0.17042423631927808,0.1390916448261519,0.04113976277266356
6,114,6_114,0.19022072392361497,0.3094648092697578,0.15931210809874694,-0.38920386454801004,-0.07838715150792887,0.10337823178940814,0.3355542320279231,0.10584734540019466,0.05553464706038671,0.16180273145057983,0.09008349494585799,-0.06296122126975796,-2.836848660374836,0.02232870489122114,0.0526192522541044,-0.02177752677633865,0.10678919014759958,-0.06405937372906023,-0.27753573688112854,0.03728501694340001,0.11555798793384388,0.08158484036137519,0.20528022168815452,0.01425904728224974,-0.06693065362157487,0.4598869229504468,0.15157786658574354,0.0015697326866821479,-0.18020628141886083,-0.03820931187871429,0.2246926658484747,-0.020130884500135334,0.23686185917708555,-0.011149419524171242,0.5560533620261128,-0.002659361393834997,0.05084266659369027,-0.07349463485231789,-0.07331994996846632,0.3387744785319465,-0.502030788901321,-0.03363439789148728,0.20807558830389516,0.24370009282466545,0.048959964356275844,-0.08925247423201747,0.027151682845312868,-0.16040401999171158,0.16845726909287154,0.021150719776079976
6,115,6_115,0.18346890936329313,0.2833679887719035,0.15610329268735046,-0.3915212225392261,-0.08173118989085698,0.09303087558843497,0.3017433388068357,0.10838519187352919,0.0567623177118768,0.1466772109888134,0.1263252080252746,-0.07664180726312653,-2.817196277494746,0.030958169039417272,0.08882459634232559,-0.010829887122227596,0.08338868454795856,-0.0526918215625625,-0.24080878181681412,0.02475635999324096,0.11014185189681787,0.06967734790844682,0.22724628161466526,0.009265739360938009,-0.07114321591528086,0.4673422597818366,0.18117240384179595,-0.021246032547152162,-0.17185598772584332,-0.06555538698432492,0.2590463989412895,-0.033760424815676975,0.24652088385934395,-0.02396246610739069,0.5612157778660553,0.0031491874234788335,0.08541654326493689,-0.08353192393765678,-0.08475862826555552,0.354025427572949,-0.512435491787251,-0.0895610677194447,0.18993071584057247,0.23219639760068747,0.07136023202466099,-0.11428386761330873,-0.007956439605842969,-0.1739195549957442,0.16756705043962417,0.028151443956400842
6,116,6_116,0.19815527491404542,0.275945913124763,0.12541790663760496,-0.36184313414560165,-0.07476469726378647,0.10979808525517001,0.37404059350692476,0.132804186338821,0.07225663933051173,0.14015729161151935,0.08204743521595706,-0.0528064919280171,-2.938223601558379,0.005458673221437493,0.03851084844914112,-0.013103538393625058,0.09358536672391762,-0.07953399812284455,-0.24023862117735137,0.049863780099881946,0.11446586665822127,0.08821637297925398,0.22317668917613837,0.04420140275241075,-0.08334669498547426,0.43880258055609633,0.14460679515375108,-0.002533772828610381,-0.19433664583962776,-0.04943858324381186,0.20820649638657673,-0.03073160042996668,0.2142326860846619,-0.011192884544159044,0.5224852812285202,-0.0008982738796476042,0.04460713322454727,-0.06784581641570964,-0.046970241781257624,0.3416364376030937,-0.5338393226793934,-0.022404010484543897,0.19235414071008564,0.24159296188684362,0.07561164691349924,-0.11882124016868018,0.04817931042634882,-0.1395181196440327,0.1381312240151731,0.03580307687786574
6,117,6_117,0.1624536201517861,0.2942355945750075,0.15555820761003572,-0.38039419477837305,-0.09920112202147617,0.08596722779762482,0.326836869166259,0.12492064648756655,0.0224854161263415,0.17748165771070049,0.1256835385236957,-0.044794553687843096,-2.8781093729767417,0.011407717261548418,0.019815806831612753,-0.035969909703743905,0.08751451224503458,-0.05871757021441494,-0.2743879663880703,-7.566022371197393e-05,0.12899594829593178,0.11208729836534953,0.24295018314799674,0.030925139442148745,-0.07721474274705127,0.41130394996083547,0.17103430477847995,-0.014396923455925005,-0.18784630606456926,-0.04508152919727102,0.20288599892291795,-0.018860474628693814,0.2451970315904733,-0.0013161024942380365,0.5201723790215822,0.005563495827203088,0.059074580582708626,-0.07827434052584459,-0.06635741825544333,0.39543837283159855,-0.5753625957629873,-0.0295145883123881,0.18122152549936463,0.27743569914191507,0.06552739094911819,-0.14063284131806636,0.027041410024048567,-0.16000587427918717,0.1384735478425739,0.043922301686096836
6,118,6_118,0.16853109566791158,0.2910907809730582,0.15585369936366475,-0.40204063578778204,-0.07193187692065746,0.08245811380742511,0.3072619359469113,0.0992678387700973,0.02166637362979214,0.17390378254201283,0.1401419962910637,-0.05512559531136295,-2.781916132851729,0.02705059995498953,0.03168074998344432,-0.026609432676676696,0.10254174529479299,-0.034806213392552444,-0.27180334025958525,-0.00011379153951375451,0.11060273726996415,0.11767308001012827,0.23897437868413873,-0.0013057062299633249,-0.06645301854246043,0.43017611253505544,0.1587917514469675,-0.02185314483031923,-0.20039806001045407,-0.05267942432137285,0.22093489258320761,-0.036654176476816215,0.25961354718659135,-0.02059332462042965,0.538010517882164,-0.006006605778309863,0.06979912784270782,-0.10375529730970044,-0.045497626813151386,0.37217902435666816,-0.5714942149918392,-0.032756668274108544,0.18219433159949058,0.26857529586918294,0.060403383767712475,-0.12865617617986808,0.006048358963649898,-0.16362517552476136,0.15018429039464642,0.035104414938879086
6,119,6_119,0.19988224953390066,0.33544786205364874,0.09592524174828518,-0.3557106944186359,-0.1081959132888782,0.06259454278893516,0.3154284493372303,0.056885707786799126,0.03647717070881887,0.23377216728030606,0.13742695749498374,-0.05840410538633479,-2.7598695254795778,0.005147806742539089,0.04696558115625159,0.027191284656064792,0.15426226473158358,-0.03943809981158881,-0.314728740331418,0.027770016199418372,0.08599998283258416,0.1189874696961854,0.19196041248208054,0.09189136145028459,-0.05721722435625866,0.4313899488666547,0.10805020967321625,-0.02239802368557664,-0.1961758536143991,-0.03465778030074146,0.2242304431726991,0.031541111757684134,0.2766030878100717,-0.05540460080299059,0.47613749447772036,0.04308370413394892,-0.016371236548902025,-0.0933145611597815,-0.04174499938070947,0.31096838773503566,-0.4965418617551525,-0.020733524372818977,0.18392342059518466,0.2105605581390155,0.04136825340726241,-0.09993513257403434,0.014515111426630265,-0.10349268480596928,0.12426373295010651,0.07913987963407813
6,120,6_120,0.20448158788807363,0.3096532591573325,0.1316618633429726,-0.3533989534358333,-0.0829569908380142,0.0937289311180135,0.333188550250096,0.09904154264833419,0.04900690125600423,0.2057593197027871,0.11149929518279227,-0.05343684156133226,-2.7914733360578983,-0.002779487187379143,0.08250982457163591,0.0012985801834104306,0.10583084782303087,-0.06956420475645796,-0.2542077658423453,0.02654399124879058,0.07206648780364633,0.11730173329986562,0.22630472732482393,0.012640335835677422,-0.07242854001789831,0.4389162628974674,0.13653442915816458,-0.010047462894127184,-0.2268822954307931,-0.06193589013685001,0.21305255967847728,-0.006096812646173481,0.2590212717308824,-0.0450148209503688,0.5047101834806884,0.046630746287530514,0.025780090716355595,-0.08151416111210028,-0.048588875276942015,0.3051684211590507,-0.4980528800360956,-0.02775704850604216,0.18362701854907137,0.2276148409884492,0.04989958466260613,-0.11914499823871194,0.023458092691097266,-0.11447263841847292,0.11442711318734017,0.04922815500483719
6,121,6_121,0.15525968288003095,0.28477929908211475,0.10554345370096588,-0.44433881509939566,-0.06838122849450891,0.06802703701611466,0.37633506591723737,0.10806260951517137,0.04764224593108083,0.23639590144623843,0.133902250851072,-0.007293807666537037,-2.8560917925328084,0.032544482620594874,0.0374643355047164,0.0441295030459454,0.12584657671940502,-0.06591413139138694,-0.3281542089103827,0.02052208265314335,0.026118828126172295,0.11338654657670735,0.21522679522779523,-0.03591348582140641,-0.06802657162374869,0.3672753418239387,0.2022893582868403,-0.016344925130999628,-0.19001620793026394,-0.008372889883284535,0.2570787689084449,0.016413271900204217,0.25625588654044945,-0.016693766904667444,0.5607431527440719,0.0016046395831408337,0.049097005528234094,-0.08110317532696543,-0.05712152174640566,0.3759283350940453,-0.6004876213657521,-0.033977655940532384,0.17470962381212424,0.26013522969771363,0.1050714779164381,-0.1152110301000174,-0.006784824285040472,-0.19137048639180282,0.1752476125844306,0.04835940938605886
6,122,6_122,0.20795013824655711,0.31352922500487285,0.12547629932181595,-0.4658475535245573,-0.07222365509329115,0.1283942101218007,0.3163779840891785,0.10718749340124994,0.035569949633458144,0.22647884006941763,0.10084977105888553,-0.0018994513772544197,-2.7030566776844753,0.08220909478242248,0.10945230960814362,-0.040031150526320634,0.19501844226433673,-0.02129868320084963,-0.34526454174746807,0.09345900053332627,0.04062948582010655,0.12101686709439764,0.20629681496470317,-0.047825642284977155,-0.056759845552678836,0.37350970531117483,0.14211904079221999,0.009367679373278079,-0.2021900781790036,-0.02076309060717331,0.2965365419662551,0.01240446153615544,0.2656311302275009,-0.04634388610091832,0.5795068533186722,-0.057972775735883955,0.035312213800298434,-0.09913299263235979,-0.06661745951784419,0.38115992049287306,-0.621281563236993,-0.0032686102458932328,0.2382060272889783,0.32131722810895225,0.03863141055130097,-0.08385656019729167,-0.03655879721484859,-0.2490789772119696,0.1782680012577934,0.03943232187558868
6,123,6_123,0.23787782235071758,0.28789293874198196,0.15645164854026053,-0.4448803449153756,-0.06482626520473969,0.15176578829775994,0.3432578448183171,0.11839256831054186,0.0161787843919277,0.22389459116601176,0.10291303998988989,0.006050402811650245,-2.810060506292135,0.08332970412225461,0.10733017734721818,-0.02912373718950994,0.19516975226832328,-0.03167364976861291,-0.3658420611274102,0.08968879655507006,0.061121736198403324,0.1416672479463748,0.2082734823289278,-0.021051121369612815,-0.0697652285605287,0.43659903920111953,0.1129477968740592,-0.010882720774904979,-0.17850572774567672,-0.04078946965194204,0.27841508049268077,0.016854891310139678,0.2518074100255258,-0.04801617710548116,0.5563479587131663,-0.027581501390039117,0.038010773842274165,-0.11764864239776883,-0.07272452746400905,0.38341380514571033,-0.5809033438329226,-0.026186610768773048,0.26001223104594634,0.319674379508693,0.047129187032558154,-0.10006501928068526,-0.010787884132500796,-0.24073663176492022,0.16738097857367734,0.04347391517375805
6,124,6_124,0.2553634561891572,0.28697900988869196,0.17921500968905005,-0.4190818056518379,-0.05396002803018299,0.1779877438908365,0.38477150647704517,0.12936970457473254,0.029339186289327017,0.20880043063681356,0.08200640538389077,-0.02696782212645187,-2.927051675229281,0.10482316078398346,0.10907853650872172,-0.011799612821326537,0.1569466625933744,-0.025731940312942667,-0.3469689426439214,0.09001320141101071,0.08222394577391823,0.09840497784024334,0.2056620478969576,-0.026638914575702288,-0.06343135553900349,0.4489735902968215,0.1100984029104961,-0.03799609896361643,-0.15326015941645146,-0.0710727387466162,0.27326515346856284,-0.029642128899093914,0.22468692463465992,-0.027444163749489728,0.5921381444577938,-0.018077297932622572,0.06599314880849526,-0.13286063886740387,-0.06670696706406504,0.3727898843165647,-0.6029309521166086,-0.044887567542245245,0.258019785668503,0.2983160553707548,0.04954745350909374,-0.09545528796496343,-0.0068858980820997685,-0.2451866384734859,0.1467028461398557,0.049239351876910524
6,125,6_125,0.258098206323544,0.2877548737590024,0.2003849676839939,-0.40074441091350765,-0.042478087506719636,0.1868219594310991,0.4059360928146474,0.12260800469916969,0.040816387505398066,0.18441377627522582,0.08122384708485106,-0.048004691727379645,-2.986848349017756,0.12064696409523103,0.10679832130600433,-0.005012093522098093,0.12697924925708584,-0.025519563397710755,-0.33430235658042046,0.0980602118188511,0.10588471756093529,0.07423887828297437,0.21175273895081365,-0.0370956499572501,-0.07133213867468269,0.4664311117860005,0.110548918496758,-0.05502796113275362,-0.1411661879716491,-0.08960591227764288,0.26783174657070347,-0.05660006707077305,0.21983331274951165,-0.013882669452404277,0.6142383635013104,-0.008831825978403611,0.0845390393299516,-0.15243782544191017,-0.08352219634389356,0.37050814723565234,-0.5896272220737271,-0.06251592770626524,0.25390066283652823,0.2791417811198486,0.06069524148293583,-0.10013997635738255,-0.001748637933047434,-0.24478223787993705,0.12902064620565007,0.05069771496365574
6,126,6_126,0.2653924676832449,0.2960021029472678,0.20718672957710352,-0.3987025423006232,-0.03759998406720906,0.18519683695597378,0.4091557525482003,0.13583117050641863,0.05761479712327464,0.16979297068262658,0.06878373144687125,-0.06278627521916628,-2.974865825988022,0.13186035858263537,0.10815494621262492,-0.007875022535323798,0.09840233616428637,-0.014454781164239308,-0.31225667137940594,0.10897599390815291,0.12159805052814017,0.07220377414290778,0.22970742201726538,-0.04059150700480877,-0.06528399262897333,0.4584509243301645,0.11693500236426387,-0.06509381903939344,-0.1420554379832322,-0.1020749888262117,0.27669557589679245,-0.08788556620569168,0.22570939364226686,-0.006547283515376099,0.6264864333096868,-0.024673247239511947,0.11103424604408221,-0.15449506724934467,-0.10123591334230096,0.36974776004204923,-0.5860101360053581,-0.0725373303268214,0.24026315108374635,0.26700936131872494,0.0537004367521326,-0.10489434463095895,0.006583763345652278,-0.2519200341254726,0.13336265138866094,0.05414975365503378
6,127,6_127,0.2505192131138114,0.28964707577030085,0.20208287496410057,-0.39153785655164935,-0.047109616147226946,0.1785867785959436,0.4014944332183464,0.1218979968990943,0.043374314604320306,0.16926246323225266,0.07933953516704738,-0.0523275792938731,-2.9818117882156288,0.1108029371639652,0.09883297582670919,-0.006486928149956879,0.11613639522378084,-0.02408031102754849,-0.3080738610278882,0.09051090840687992,0.10512528887868809,0.07806508217725734,0.21549987429391587,-0.03996781651498861,-0.07815213176699308,0.44858006885095797,0.10935917917316257,-0.05992093777831943,-0.14371242702485273,-0.0847009415258867,0.2565740257197937,-0.06674413432786405,0.2092864185404747,-0.02232732317928247,0.5926859652591915,-0.0019394803399670167,0.08194611467363772,-0.14812517753506377,-0.07578806612479111,0.35850553224117837,-0.5865176228438447,-0.06367927975870498,0.24510125918642242,0.2597150992417529,0.05234332409544849,-0.10441269087685509,0.005461728479869757,-0.22625998494328645,0.11693428920281043,0.04975466936895436
6,128,6_128,0.23635105810298235,0.2736588922268287,0.20456577604987447,-0.3795572444361725,-0.044959644330296686,0.17003684051046195,0.40112767968658164,0.11485429914251873,0.03872636365865238,0.17754788699125856,0.07408292520301825,-0.06117365663336154,-2.976812377395923,0.11279727186138404,0.09200803673607089,0.0073099004871856775,0.11491985699357392,-0.018171461167268897,-0.3058888299490301,0.08237491496193941,0.10667415193048686,0.06707128171139423,0.2085611534600221,-0.03248626793457864,-0.07799680014703715,0.4528929391406899,0.1133115475194875,-0.05871796460349881,-0.13404263740417274,-0.09469435747975542,0.27127403470894806,-0.06965224072970141,0.2028517794675307,-0.021035070453408414,0.5957109713946176,-0.0061362939174805795,0.0846753304506026,-0.13761059312711593,-0.0744865247874663,0.35319687738849775,-0.586705516315127,-0.0661747781470316,0.23815193062526532,0.26361115128473417,0.052916824093157865,-0.11170851926768037,0.0029940178007411443,-0.22517302517485244,0.11812216879454018,0.05873247675353966
6,129,6_129,0.2338800527465632,0.2981085816010706,0.2072582028544002,-0.38121271285605457,-0.04264646966380411,0.16999455230312432,0.3824082873996513,0.13436243379514803,0.04233329938587311,0.1597651092259272,0.07222367663388378,-0.07665579093037285,-2.958635969791591,0.1043462438094002,0.09951763959859321,-0.023158457260653777,0.08298690190167203,-0.025910850807024655,-0.28012901221073655,0.08948929865695313,0.12338089294804747,0.06584202065642851,0.2084776154538584,-0.027684785800033446,-0.05677734619434801,0.4474164292181345,0.12286570666462002,-0.06256591655829255,-0.13471393797414233,-0.09458651307542076,0.25805317255041477,-0.07354204559082449,0.2125494445842034,-0.02140022987744953,0.6087800001066388,-0.006386064872802323,0.09528712600703435,-0.12219155217523156,-0.07317897974421088,0.3471972501475299,-0.5800044754190475,-0.09283244954303516,0.22888511178947782,0.23930959567190746,0.03296707367703809,-0.11629949423581881,-0.0013938766871053093,-0.22925938345478933,0.11862171205169841,0.03807063129361926
9,0,9_0,-0.0017354855895973741,0.11933735781176774,0.16345499558374285,-0.40367450590624854,-0.03202941540792516,0.05541835118999222,0.3484932702310659,0.09913343439111486,0.2906703503030628,-0.09327516109786099,-0.08847567405793126,-0.2707803161331901,-3.129831812116835,0.14152282842745384,0.23277941534502639,-0.15993747337272873,0.031238133641373782,0.0178903063138326,-0.0931436106648848,0.10020919057402622,0.12018377999775112,-0.3020484148408286,0.3284380879201409,-0.2817260284218247,0.0025623353129183807,0.3988285217641128,0.028578467862421852,0.08605076037778485,0.0018908901485028091,-0.09219662234730398,0.32380773757618886,-0.09285468914787527,0.07342470836377255,0.08182500905391794,0.6708086264768133,-0.1102861495602324,0.08675616279678824,-0.025940833870252526,0.0797673607387373,0.2722530087525094,-0.572233938563753,-0.28824822681749035,0.2676267538288677,0.11233596999750094,0.04976797170238569,-0.030932562801710986,-0.024897002404624665,-0.24388887651126695,0.2511937173809942,0.24281166232206117
9,1,9_1,-0.04156055225290521,0.08858568769714788,0.20247639403644488,-0.4092244403640719,-0.048527225730923704,0.04157102787119411,0.30272502069069196,0.1315830844831755,0.314170738496906,-0.13285289346641965,-0.11933497553623289,-0.30061126659100834,-3.169952631866845,0.11736359555116195,0.21707103936083233,-0.24833105218997836,-0.05425541056787432,-0.006594261151133445,-0.07551326367062564,0.1006433985877551,0.15502485123388196,-0.2516927175006292,0.3299055552980217,-0.26734300910828324,0.03243449516721872,0.41339619483893913,-0.04917239533468782,0.1111940615776464,0.029380379518303665,-0.09764404655400201,0.2969524181672256,-0.10703874821264814,0.10968730002590693,0.10684126474731857,0.6314726951837975,-0.12682817280156553,0.11484564826517862,-0.022654062439517602,0.08980053853597084,0.28902043454369436,-0.5954464474951264,-0.3264806964732095,0.2719356255513619,0.10669260204261523,0.019826144472879434,0.01597883040935182,-0.003458214566845746,-0.2067742274571074,0.25907192249734795,0.23771076361448198
9,2,9_2,-0.044694076078533394,0.10976647436434991,0.18984383488790818,-0.42048263824299764,-0.07070207872771118,0.04363962600846686,0.3099333606511017,0.12202669585684289,0.319957759531558,-0.13917701939307767,-0.14482090722671465,-0.2961864558195597,-3.1417887728465232,0.13065258872474692,0.22164542838244847,-0.20769824627419248,-0.015669112318152514,-0.0031434286119244796,-0.1043499594548178,0.16029665569198856,0.10559070422191565,-0.2525437352504875,0.31808844194624963,-0.24914691304959552,0.036810253444855334,0.3449041241761542,-0.031524792227796035,0.12539658483676344,0.03460400649974441,-0.06386468919471984,0.31707116280909087,-0.09724580437939853,0.08331289785105343,0.09967838386785986,0.6267378713880469,-0.1522885702959588,0.10071632035358466,-0.012154365436703972,0.07862844389245238,0.2547116566320734,-0.579433361068368,-0.3059828147203294,0.27214416580605566,0.09400344027457513,0.0373853998990901,0.018262996543949396,0.007668934614661052,-0.2513003086450657,0.2727221325407491,0.2021070149800691
9,3,9_3,-0.09141606546888527,0.07248133659008656,0.17331467246995777,-0.4462927619265314,-0.08942017649807145,0.042404562689289604,0.29147228100845796,0.130888970985768,0.3398933990644741,-0.14290002263698945,-0.1576379753038788,-0.28628490532175127,-3.2134138526034954,0.14444115934032603,0.237205495348615,-0.23341448576103488,-0.08232588710753978,0.0015741225367239793,-0.08806822952489611,0.10245861381266907,0.14235552053941616,-0.25016830124727946,0.34546894285076557,-0.2702604682402912,0.048636469876167696,0.3740011038994338,-0.02481784182502849,0.15611706238470877,0.0077341900621893025,-0.09733348577909422,0.35450323334280714,-0.06761261097776963,0.09159055693728552,0.11919424103518181,0.5894506401969355,-0.10848904118145339,0.07966647158570572,0.00289238234302907,0.12057003136792713,0.30189217077255126,-0.5100340892936439,-0.3678226804110308,0.28948912937037585,0.0709552504352153,0.06000757343556434,0.008900302251705024,0.03057456308850596,-0.19896621781868098,0.309787108214619,0.27000555880915594
9,4,9_4,-0.06284380641405267,0.08832430743955468,0.17299151355120584,-0.44380289307074217,-0.08546328687466177,0.04555859852164697,0.2983848986201009,0.14085984525718914,0.35944119305875066,-0.1167573341049422,-0.14609346858092717,-0.2978781435614158,-3.1558345141715574,0.13579764078315207,0.2072083070328025,-0.22467791348524196,-0.08330030365180946,-0.01749463155633714,-0.10697563321673101,0.11790136246866707,0.15440314344858708,-0.23695098126615236,0.3406872706683843,-0.23778369065804786,0.01257422795688604,0.3721577365028399,-0.022235653281765043,0.15204236613679764,-0.018768744866509878,-0.09574058810835424,0.3449393154321723,-0.07958581351458018,0.1032973265548782,0.1144742969691813,0.5781281196400243,-0.10914884714030702,0.0932879409167646,-0.006819969994590191,0.10280954711591296,0.30394841038054765,-0.4856458857981138,-0.3407215265438129,0.2766714181621468,0.08321159171475329,0.05647539725278581,0.014429651593782455,0.031240311660891383,-0.17392683868568665,0.3018424072245108,0.26198089209427233
9,5,9_5,-0.048164821160854146,0.08679377901187929,0.18759129453071285,-0.44979708766925475,-0.06121556190766943,0.03507246097976921,0.3011613003605896,0.12339469791839099,0.34554379638615745,-0.1363023646560538,-0.11785579847978067,-0.2935628971607671,-3.118776170632585,0.15220235900128842,0.2230443884940678,-0.24854867008612253,-0.05540043226313123,0.010312085414237228,-0.08364514138994981,0.12602264563421436,0.11606127473529385,-0.25085251194539043,0.3384208079471654,-0.28161502910019615,0.027970995335736618,0.3376690606557186,-0.010454710633236282,0.1399092029986292,-0.01096809499808716,-0.08105966376541955,0.32645135823997995,-0.08470144599652896,0.09616963302287762,0.09319628751526123,0.5970490041222025,-0.12201811588395078,0.11159205806750819,-0.007985234951314917,0.07818819686983024,0.29494816911307425,-0.5450690084815384,-0.3327296202106902,0.2688107697123831,0.08794331233078806,0.046014960230836136,0.03786002467430138,0.010191795069461121,-0.21943777346092722,0.27308366493333,0.2402505717210825
9,6,9_6,-0.05953928007777008,0.06151543654715678,0.2002806977648642,-0.4186756272407199,-0.04471122464979556,0.033745885024355375,0.33997520284918437,0.14078707917902827,0.36089025147191955,-0.15540784661580204,-0.1343735660012004,-0.2922563373001413,-3.2014065110638112,0.12574391295874895,0.24968551878309225,-0.20465387925842046,-0.04134136924215596,-0.012964883209701924,-0.054401657427218475,0.0784380793073332,0.13420366813223314,-0.287261396270695,0.319202284744282,-0.27901191090166344,0.01960359467038559,0.3728066354958135,-0.035843898962294334,0.12810115768294925,0.004296809262259661,-0.12281081668444743,0.29001072967007135,-0.06757031737901129,0.08196228323891643,0.10535448713506086,0.6049144496510918,-0.12206866913528214,0.10058887956217781,0.016162797355379895,0.09129103662768386,0.25468228255600417,-0.5469080667815281,-0.35091985276450505,0.27416897459290285,0.08149126690755751,0.026616023646706552,0.01438134311328327,0.035684038662951896,-0.18446281978757803,0.2902560724678517,0.27862293396199106
9,7,9_7,-0.07900204109420883,0.07697632533236173,0.2054972730980444,-0.36198341645649634,-0.03429502760816831,0.03728979384672129,0.29641891218877164,0.10053261380104232,0.3153412118111737,-0.12753569844935556,-0.14692819400632287,-0.25180919505996824,-3.0563360914587974,0.10233446293117594,0.2280699152860325,-0.19210592558200004,-0.03245551651416463,0.012872861353098414,-0.07361890003434382,0.11304950620230102,0.06237892014265526,-0.22439554251730442,0.3026058447692776,-0.2651663921534782,0.028670661901851417,0.2977103115111822,-0.047729689581847194,0.12106706021873834,-0.024550040962931233,-0.13047768127231393,0.3055517480938579,-0.08096077854919713,0.07157850667230377,0.04229415593610611,0.5654898238135502,-0.10145047109319422,0.08911828920128756,-0.013657215018174611,0.11441102254757425,0.24321284445817581,-0.5325928192678839,-0.3452605748327915,0.24144106844032648,0.08648325705697062,0.01185629979139776,0.008992069880696363,0.041165244581643494,-0.15900576109605027,0.2677275759758777,0.20610784969525411
9,8,9_8,-0.035197900861824144,0.08007206671265146,0.19919364802938486,-0.4045010861560022,-0.056116532091012535,0.048267830783891165,0.3329571179572552,0.1327273140469241,0.31858302418083423,-0.11136531499140556,-0.1424692394174931,-0.25933126266639206,-3.199140248601399,0.10319231540105113,0.22055141701850864,-0.1968511617095727,-0.04882259040013961,-0.029327440750785173,-0.11486614237693998,0.091644791725816,0.11418884744394629,-0.1995658954287628,0.3114327464755329,-0.2519698609516675,0.020861455439097926,0.38499022107423536,-0.01849060390178772,0.10591468867653656,-0.01270110427535006,-0.10843504437555869,0.286000862710237,-0.06584568737307564,0.07832363439919722,0.09450685998520976,0.5695727154405581,-0.08511231292948304,0.09575504719035789,0.0015596169364889936,0.10865027528858581,0.2550220308432241,-0.5119858316153229,-0.32099125082345886,0.2354780205887177,0.07622400167664246,0.019548789920684484,-2.5912597110228878e-05,0.05417831031483642,-0.15382112289320618,0.2626501607272537,0.22576725057451913
9,9,9_9,-0.03697017993845247,0.10980310571925989,0.18693359131389417,-0.41066622092071825,-0.06571583708908957,0.05687065049669815,0.29520522029644947,0.1306058457981072,0.3096514654926114,-0.11064089779330952,-0.10193020430113411,-0.30510125975691843,-3.1517041410286413,0.1228824498712175,0.23395694148322557,-0.2399929091434803,-0.04469271233603169,0.012748440941770592,-0.08200239115111001,0.07300176917319016,0.1287405264308572,-0.2726930190861074,0.3006378018996338,-0.255295916419975,0.046091435001430286,0.34672121337522177,-0.018005785537614172,0.09866262584084676,0.0025433508630813605,-0.0843753734425725,0.2990050659172809,-0.10562664377376045,0.09039322445859015,0.11281580576640057,0.626046503556013,-0.11839033563049312,0.10508583221176218,-0.03441935783100839,0.10029976420620985,0.2742577205225353,-0.5817962205533865,-0.3428105719940504,0.24509541553428615,0.10397393494343554,0.013519573365934998,0.04120949201559445,0.014493564488960142,-0.1976015025428922,0.2843652951240369,0.21905274565927307
9,10,9_10,-0.0035530537288943906,0.12925556973946625,0.19290539169222967,-0.4475317270210531,-0.06777624656622779,0.07348778836439446,0.29057349256477355,0.13809247266235689,0.2964490265946933,-0.11966935258053654,-0.10651602710693682,-0.3119906908701054,-3.023016104294408,0.153080200510856,0.22587171345343626,-0.24130253408762772,-0.04337505675521829,0.00696000231607374,-0.08712464624424625,0.1245664400414699,0.12848480470420914,-0.21869912942507183,0.34424097715635715,-0.2784522681235572,0.04239027675618173,0.3668299776300926,-0.00013359206754572488,0.11811815936380299,-0.014539328745227507,-0.05498618873412676,0.3369881082420057,-0.12670599448551179,0.13169588280805095,0.06835007289666992,0.6460048225344508,-0.11075339274981572,0.09320587465085296,-0.04110073069750797,0.10023627260128001,0.31509971095346695,-0.5329461302880513,-0.3023054170208202,0.2845261551887116,0.09474152910491196,0.03751806223120976,0.038305421218542655,-0.018577930885399954,-0.23331459661248147,0.2844072247367407,0.2126068869406628
9,11,9_11,0.009553470865634713,0.11355138044596877,0.18265687991067983,-0.41727175829724633,-0.060761301033497334,0.07203797979831833,0.2798963567472991,0.11615168863220159,0.2989305692817419,-0.12214864250806083,-0.10475448673423671,-0.31796744969156304,-3.0746364769263144,0.1502013771376089,0.2161559877500762,-0.23850366830652675,-0.021304654086494478,0.007841051181178326,-0.08241255734649783,0.16836601324347356,0.15500222863873858,-0.2102103044343937,0.35756143198523205,-0.2556397265945681,0.03205305595568065,0.3837093067406199,-0.010866076640619818,0.12176327318742644,-0.001562558349971182,-0.06162699269197429,0.34503483320347583,-0.13478688368549904,0.1368053584420779,0.08368053470472567,0.6352068440778217,-0.14235376708809502,0.10664735045672084,-0.0464425987820738,0.07633630577579308,0.3187531994055742,-0.5431114484821685,-0.27915824954592,0.27082674498431003,0.07860448199540443,0.03540266544158117,0.022832987142301604,-0.005327058744837697,-0.23954540336601965,0.26452646093019166,0.17678808374852778
9,12,9_12,-0.03075144962178869,0.09947057568800222,0.2074240678895756,-0.4529767614480572,-0.07589241328492297,0.05032074022714062,0.25374495125488267,0.09164869855840319,0.30673842439462085,-0.14789530888435196,-0.08286039483907885,-0.3000169203688319,-2.9785573395180616,0.1734808403935715,0.2385952850081361,-0.2610515580346169,-0.04089943270349104,0.02268371470526267,-0.056527294915219795,0.11157529049931647,0.12487433445827538,-0.26853433235133944,0.35923317412038985,-0.3023362714889367,0.040438248072503534,0.3621083742328288,0.004988020277222202,0.11133700400725649,-0.02469414242627713,-0.08574648002322913,0.33622228808619165,-0.10920707088504532,0.13665175481998762,0.06283544177733594,0.6508687131461643,-0.14978840725055909,0.09849385816586628,-0.021333559878484343,0.09796824780524786,0.29904331339543666,-0.5587082963599738,-0.3366308892077524,0.26637226159774124,0.08670525070562986,0.03531761179190306,0.04172018158075574,-0.03386640880212542,-0.22215554857073905,0.2874318393639838,0.18645826964118883
9,13,9_13,-0.015720971923725256,0.12981055688873358,0.1925941657909597,-0.4024518318729719,-0.08153891399599031,0.05704920213249068,0.30010489792413697,0.11307103367903533,0.28818492362774784,-0.10760142094330893,-0.10652290953555094,-0.2743990486959302,-3.119952199328298,0.11621747637449524,0.22456150298215102,-0.23577367850895656,-0.04089470517100523,-0.005841841098627975,-0.07669507102959275,0.11691519436092442,0.14163314582527525,-0.19911436781283265,0.3328841761843093,-0.248013568257634,0.022303910596386572,0.38068382649604854,-0.0147304580077079,0.10016930774200554,-0.011188937321635364,-0.11345636653409336,0.3016342520566445,-0.10908174163191324,0.09828921003888051,0.07468965083541435,0.5749930503546311,-0.09746339504949268,0.0877007923043777,-0.030570613118163645,0.08361605830630091,0.2899005964028999,-0.521562366895692,-0.31076824917302776,0.2710679642731355,0.07359494747289944,0.04579128690134195,-0.010519138616922347,0.02613340309164821,-0.20318456725937015,0.24036790298608443,0.21501623120410407
9,14,9_14,-0.0021629426974769275,0.1250543322759164,0.21559776840467565,-0.39583245704802666,-0.05457262710389127,0.07876803338346694,0.30879208486777476,0.14348877286199133,0.285183732290394,-0.10706804868357957,-0.06002159621981293,-0.2624849532212429,-3.187743116969522,0.15078496474957448,0.22722818144796952,-0.2265586369794177,-0.047160070814872876,0.03248113382189169,-0.06646241005962557,0.05017771768555241,0.09524709725655146,-0.26127653498002723,0.27533697642467025,-0.2774753893833034,0.045005054674290404,0.34893141080991097,-0.029494730930074084,0.04964074039000354,0.026553447993645663,-0.12214730808469901,0.26381226986371403,-0.12410448958742835,0.07616234173609872,0.0907316712553232,0.6827813222849278,-0.09771826953970288,0.11705386190230276,-0.05172806137914464,0.08648571425090687,0.3015055531449239,-0.6626297544804873,-0.33701514066592886,0.21977718241007524,0.12036903737572885,0.054433071318691455,-0.01075299997127762,-0.03966871221070951,-0.22283227100727046,0.2630506782690704,0.2054247248536994
9,15,9_15,-0.01437220978657416,0.11580545517803947,0.1977446136682149,-0.3960215164297218,-0.0711978532159231,0.06636494371589859,0.323195250371659,0.10403482981244185,0.29192436753036327,-0.10019516722628112,-0.08080829652838,-0.26222318514258763,-3.158030272076983,0.12610917317962975,0.19576194473942438,-0.20434754486947704,-0.04967870918388795,0.01717670299200909,-0.097432430374325,0.07818129458443321,0.12545580385944918,-0.2223400167347607,0.29801004327440617,-0.2715051251035312,0.03661686944862862,0.3862764859965088,0.009615086307407383,0.07550379988329417,0.010334458546563471,-0.12875248501483147,0.3176485665681624,-0.0949912974725738,0.09908229428535187,0.07152257169759192,0.6438238979359969,-0.08830762742975846,0.130395557451032,-0.047411434727276616,0.0680193155128167,0.278940632074234,-0.5736441237108628,-0.3373005009246157,0.25228120623062444,0.09473750253044172,0.08162939521898473,-0.025337162871904875,-0.03382680345531724,-0.2084424258871944,0.2617198151126162,0.20904973512429983
9,16,9_16,-0.036641662057268265,0.09070932837777759,0.232941040988916,-0.4394052532934345,-0.09482008657397296,0.06694311944958874,0.30730615998976507,0.1435288358958832,0.2942822061977588,-0.11519451412634972,-0.07051856350337682,-0.267557606074768,-3.1792978714673947,0.13544059389342483,0.2158736194591396,-0.23872240784888465,-0.06736053862080622,-0.030221907768207483,-0.1254516947047355,0.06472976720915773,0.1215952715314089,-0.21840810652714795,0.32898472759884617,-0.2843410717032384,0.021072167484388234,0.43168299583097297,0.002587276743277191,0.052870783550091664,-0.0038614927522408276,-0.16747707926118985,0.2842091867167395,-0.07069771701234202,0.10559576255126069,0.08527895144115273,0.6110181207314898,-0.050302542346075944,0.11533328216725913,-0.0239606224018364,0.08979952716185019,0.3005766175496273,-0.5099191532780727,-0.37892063993196456,0.2575475623186391,0.09204814122834554,0.060879668040583146,-0.030088654074531335,-0.005281881349256788,-0.17726100974728187,0.29584986733463714,0.21584403345910594
9,17,9_17,-0.019747558205078047,0.12559559555940222,0.18857663055962842,-0.41910124660564074,-0.08245274398739086,0.07569633109117116,0.3188000438630284,0.11356267329318907,0.2891506977932717,-0.08969069410544024,-0.1008786444073084,-0.24633925921364647,-3.194831391175588,0.10112321922644986,0.19934496694021736,-0.1972926140887717,-0.07018035965291716,-0.01293423806614094,-0.1194518474782682,0.07365777521340204,0.11693347081123595,-0.2145746433061372,0.29028409276751505,-0.2427587342394543,0.011274374510664358,0.36526242835258227,0.012629037396897953,0.09116431943012698,-0.031146751593568944,-0.12480322347845936,0.28824703299534926,-0.07980256411120416,0.08617672779971895,0.0781109843308619,0.595549988006984,-0.06695472002299367,0.09963925494947404,-0.02745819862246972,0.08696633540903745,0.2768895608285253,-0.5330556385165107,-0.33898171454337356,0.2607115611941824,0.06521676184501553,0.06064983018744818,-0.04436332192816063,-0.0028338928110526363,-0.1809137830733443,0.2730258443532849,0.21827892265687493
9,18,9_18,-0.038809120864761584,0.06318772055473894,0.20701731339294388,-0.42567479255183643,-0.05041748467394897,0.05133215787000214,0.33217383322571187,0.13512734312329763,0.31867451461753654,-0.11871936940588057,-0.12660567284968763,-0.23596343568476866,-3.178593811609887,0.1179983727880661,0.19060724306333537,-0.20239036187023812,-0.10265943706468798,-0.03562573678729846,-0.1050006446755485,0.07646266316273403,0.13130609896219034,-0.21147805762273686,0.3132096532245,-0.2747011336772425,0.008382085277868545,0.40434728755264093,-0.010251338996104156,0.09016905345380405,-0.0458488369897156,-0.1582555944618109,0.25863929550989917,-0.08453706148217759,0.09156005501219792,0.05895024733556225,0.6193131378740813,-0.09425937872231993,0.10646721047799516,-0.012341255840956425,0.08255294402012762,0.23531532670611774,-0.5531121811872681,-0.33501605205669605,0.2467028631850698,0.10349110039012717,0.021516254655893473,-0.04629918944556266,0.036110479226998914,-0.16897068351864913,0.2383444312966077,0.1871765992690544
9,19,9_19,-0.06661435844604548,0.017526058307175758,0.19526469565914742,-0.4086739693401973,-0.011917134416973774,0.09031477062168457,0.3719456672725837,0.06851325207983865,0.27561043146848724,-0.16007307597240975,-0.1775591867960442,-0.20594689146046177,-3.1781544798358357,0.0934757726328774,0.25463336384391755,-0.21567116900991595,0.02141230366793042,-0.0537233670964623,-0.06485773179066584,0.06178226622284425,0.06523504901690612,-0.2037808924772163,0.3042416983169296,-0.2985378820713945,-0.016957275976616695,0.44570593267317277,-0.10910917994879646,0.10299741587437738,-0.03589413267112297,-0.10421692630385326,0.2823228799661851,-0.05818810206352429,0.06917986443754003,0.06466598708239954,0.5850568972704535,-0.09397106398872467,0.08481396008194624,0.009781268688254787,0.18050405039271047,0.23261732464188364,-0.4794377406767483,-0.3312978017082111,0.26459331013332893,0.06847669189394191,0.04622924750159336,0.010792787130524832,0.04919430353459174,-0.12142709097660936,0.2634182602908656,0.25455421829646924
9,20,9_20,0.001397639448816121,0.0792037254993749,0.2016128978226334,-0.38356141441446895,-0.0418023599215838,0.07095376122879851,0.33303384684875387,0.10995180661488763,0.29216515673598387,-0.12678852804854293,-0.12676667652627016,-0.2535572118468254,-3.113985180504182,0.08367945747039117,0.20498154517143335,-0.21315746211570086,-0.014605898262165925,-0.04375069348744171,-0.09369017335120589,0.11843612463870908,0.12851385045248795,-0.16878347467521534,0.32303896515274094,-0.23533942962941878,-0.014700769562863142,0.42319192015497453,-0.0486125226420186,0.09390997234800393,-0.017626108065494063,-0.09340820073095314,0.28926627748262357,-0.08658325049807043,0.12639866617665735,0.042711770567385586,0.5714954069966232,-0.0861308265795849,0.09446975794922122,-0.041759222782189576,0.10083163745850256,0.26794094287187736,-0.49864109209601715,-0.2772259148349643,0.24300435463802011,0.07197194573784466,0.03257864300839548,0.01459985374034766,0.03529468154575785,-0.14926740336711244,0.20949786010862548,0.17083500849959604
9,21,9_21,-0.012557959996498334,0.08621963103872422,0.17075178023381815,-0.3895069102323811,-0.03679179317895061,0.047684695794653724,0.32810748184655636,0.11358302892808815,0.3210611171285871,-0.10932222079128211,-0.1240959196797454,-0.243240951752277,-3.1544951376780657,0.08377923516755019,0.193983120896237,-0.18551799733991878,-0.0457188898671261,-0.024962684070743934,-0.08783405841185554,0.09477233121820897,0.13732965469996128,-0.20611077518871343,0.3249239359103458,-0.24400907425327936,-0.0036416728214301746,0.4181484915316105,-0.021292330201183984,0.0904128215600356,-0.04132746414340455,-0.11672375973930556,0.2644532645747564,-0.06648998415100874,0.09033303726530097,0.07270403138138878,0.6121968759490672,-0.07746623826711635,0.10899633245377041,-0.04719068909483686,0.09248079616300972,0.2597840820819559,-0.5228182420029607,-0.3189923688900513,0.2406848632332108,0.08399827184703228,0.050380118853661796,-0.043811775258624217,0.03978291228266013,-0.17586606874952132,0.25313025174505066,0.22521505714271178
9,22,9_22,-0.03294874879424102,0.08467239171553116,0.16397126120013686,-0.3808543933985325,-0.06696609618643729,0.05940204303120621,0.2842659624830748,0.09617427988067413,0.30637132195540917,-0.11930554377344939,-0.14833069350346564,-0.3085568816257784,-3.087197665984814,0.12685029673828888,0.23384978687569785,-0.24148603414024156,0.018314046874785654,-0.005293071736769679,-0.11377302257415767,0.11465338124320484,0.12340351403332674,-0.19460566811836683,0.3721070831354994,-0.28193395007401706,0.01911502500387052,0.40665428437865697,-0.02327936351536594,0.1382310510881675,-0.028527228645767677,-0.021731550035138544,0.3237578078531302,-0.10029027914771667,0.12539515606163498,0.08121990404414156,0.5960262280673935,-0.11985767001102571,0.08074295319473514,-0.014975991139474969,0.1296834858658258,0.2879376309422346,-0.4981254517745513,-0.27421068677033944,0.23871825655402903,0.1049338610807004,0.02353806171069244,0.0009714438579976559,0.039449288713960695,-0.18911476919714074,0.239987243930451,0.23007018121962364
9,23,9_23,-0.014661863144003572,0.08923310933141423,0.15880141053941188,-0.38963924843222786,-0.05038636292127022,0.08285632018639139,0.3244145481996018,0.08683244350432424,0.2896047281239116,-0.13923168766421484,-0.1409531371260183,-0.2383683184960846,-3.1051343943945753,0.07879814942031217,0.23530816363677734,-0.23045711787885947,0.016245386757496635,-0.02119149569802251,-0.06350986480701869,0.09618815550024032,0.11473438558761119,-0.17991799292204208,0.32695350423593006,-0.2499959519816309,0.023758267912154015,0.44821470767017124,-0.047700116870786714,0.10386815843084199,-0.02628734013817918,-0.07619913474149649,0.27879194089779136,-0.07451220737637941,0.10539579156168996,0.04912260272154397,0.5794725194242756,-0.1080192890815222,0.07534293716872585,-0.013722769865082831,0.129525108120305,0.23108850549438076,-0.4593196400722279,-0.2933542083565851,0.273879918999992,0.061198546383777884,0.028407986490772322,0.008572892050297392,0.039636728556319716,-0.15802869178112267,0.24901611412621857,0.20205094253357786
9,24,9_24,-0.013246552769545537,0.09263428736027259,0.17541423540823398,-0.36899106184934166,-0.07020703453947286,0.06117414048306383,0.32143015172080414,0.10795007385901148,0.24092582270953875,-0.10160007120471946,-0.08415018053499947,-0.23067571222337235,-3.1205983936407002,0.0815599808063166,0.19197815253212455,-0.18429044927737326,-0.03913084151086866,-0.04090643085681709,-0.09484381935259648,0.0764525024198844,0.11939796956054344,-0.14791737453549342,0.3043378937639486,-0.2504150561786666,0.03091509513754196,0.3992939476823956,-0.04270617677059001,0.06600399080848923,-0.021399618738373906,-0.08959757189628235,0.2615798039947248,-0.0703300285067077,0.09190543168977015,0.03876349871724571,0.5526791982779837,-0.0539706946420335,0.08947294494315128,-0.052214864073439865,0.09347478944028188,0.2183837032206594,-0.4845331565886261,-0.2997783552914573,0.2719172494972398,0.0259938352136238,0.03536323531364702,-0.024443463717474585,0.022436912471108187,-0.14820386725107124,0.23718443150013116,0.18969033175343825
9,25,9_25,-0.05367761088438846,0.06966601682364561,0.1791568489654268,-0.41667751861661245,-0.041103291805651594,0.07554104920187645,0.3014978260529795,0.10621064792296196,0.29304063054144214,-0.18079693803574418,-0.1460543298861681,-0.27503174314832035,-3.0626655556689735,0.09069014784188181,0.24576524060069657,-0.22302140661611639,-0.016713181503542604,-0.018281896479378303,-0.05080435104340639,0.08451603370510917,0.1306620274306457,-0.20203782365277367,0.31300313478879677,-0.26930578570510527,0.0030677997468349836,0.43575022276758546,-0.04172893355807274,0.1011134781633857,0.0004489052125477585,-0.08588282278091272,0.301217028420571,-0.08810800984341266,0.11090812167211639,0.06484640672690524,0.5777262751275309,-0.08375066117351425,0.0945353099605304,0.016510383270134956,0.13610357884518354,0.2504512048821532,-0.42348249148224193,-0.34239399601737486,0.26115546693447333,0.06966023808540897,0.009981417125586057,0.007875271379043102,0.0219058680706711,-0.1436480911235839,0.255578658179562,0.2346266638380529
9,26,9_26,-0.055918145040385156,0.03433386485591504,0.18148690832003267,-0.369077909783889,-0.0075918210543886415,0.07435764445380556,0.3863760825219772,0.08839306293939836,0.30730359378210503,-0.13357623261835078,-0.1507580595647099,-0.23848259729406923,-3.191633576111828,0.07097899814164801,0.17833214294728186,-0.14560300028144227,0.004226535146640574,-0.0553234931024582,-0.0715300697890251,0.09475434350210792,0.1125737891335454,-0.21952472861166106,0.3149526572112905,-0.2210952932544374,-0.017050952333605197,0.4350022359235252,-0.06184148171702199,0.11076808825349636,-0.018114657279459104,-0.10039723068207716,0.260443401218077,-0.05302661225675411,0.09741817021293553,0.06815465951083804,0.5370624735616416,-0.10672703286421002,0.05078297131820481,0.006175987355464654,0.13578932500811186,0.23779573865074047,-0.48780024929387533,-0.29347615419860207,0.27567529637473737,0.05906380532369505,0.02374604411034597,-0.03325712132994622,0.05987624539960203,-0.15103814068749521,0.23270775540511998,0.2745526768937171
9,27,9_27,-0.02680503809439742,0.08954367656472394,0.16267408251239002,-0.3981622778387232,-0.04819751510488962,0.07172551480302787,0.3444082295091068,0.115755083214507,0.3086218566750176,-0.11317145244664828,-0.13159151636025568,-0.26750756142668675,-3.167862364083282,0.10670814986440762,0.2287018142163384,-0.2377165142477544,-0.00432155299970249,-0.020585997965309983,-0.0791851210577244,0.09552765667269175,0.13430508796110258,-0.2060998289341738,0.353001039461733,-0.27008091319306204,0.009476735975308544,0.37597669781116416,-0.009662703510897219,0.09905768003726517,-0.016284002505265315,-0.08504950234470196,0.27909470035902356,-0.10354974750845024,0.09055288650181091,0.06206759068853229,0.5784063212388804,-0.1043288791595481,0.08915265535258433,0.007905619230490825,0.13298886674229,0.2582242462229877,-0.5146077298058951,-0.28445158139436916,0.2646647573695018,0.05502426418117902,0.0429917921981782,0.006948945562793942,0.04043681117174916,-0.13890189485054863,0.2245648858052763,0.2178759405597244
9,28,9_28,-0.017546388087794185,0.1100812035665388,0.16142102552271664,-0.394218726109152,-0.0445025566525196,0.057837006651113854,0.35707598484491243,0.06142453314283582,0.3031097929797148,-0.12494483988808647,-0.07794591127288822,-0.24311862629359868,-3.151066927060689,0.09226802670977347,0.21801765245857507,-0.16571058519503534,-0.007521199121471648,-0.03805651597292736,-0.07913793519570664,0.06303838296946496,0.13267316880168661,-0.21360216437271248,0.3204821300412184,-0.22786556967304483,-0.002421943909386556,0.40879879519981266,-0.00893737746670536,0.10030194561751496,-0.003074444275451441,-0.09228458899880236,0.23568529954853099,-0.08491093120681224,0.0929212038467434,0.06426514761701022,0.5669150454126145,-0.08573623085817106,0.07441540760919452,0.01786185052941158,0.06932609344271254,0.27800720975549303,-0.4841930907002765,-0.26859657649008223,0.27277641039188594,0.03855530488622145,0.07808246474301647,-0.026873718500647643,0.026087637884663544,-0.14297507171302218,0.19027094091830954,0.24163416531319692
9,29,9_29,0.02545478384797179,0.10026724112474106,0.16692847306981232,-0.36966148756275125,-0.02542588878105479,0.060998303805844804,0.3325088688412286,0.08922646035595487,0.27168600527626097,-0.11445333398949128,-0.10836943629141332,-0.25404188352721657,-3.031052709709514,0.11389061424768332,0.23097008629137594,-0.2018914426705151,0.010349510065244623,-0.03500903194177557,-0.08559734512007598,0.09918936257476382,0.13344328662338242,-0.1794146754990586,0.35177271678817995,-0.25699873775469534,-0.004934950304132971,0.31492646826487597,-0.028139050964223727,0.07185581660618702,-0.04464563875826019,-0.05526883004905275,0.2795920856692123,-0.10313864569109159,0.10955295553660217,0.035667338864114946,0.5869694147258997,-0.10037120460377386,0.06555493498771367,0.015762570074223207,0.057856449199783985,0.28800759790747454,-0.5289640397136806,-0.2655669656596288,0.22740360096336878,0.09604620175704247,0.044737286989887555,0.027743455505432477,0.04653097865326951,-0.14030228756283494,0.1756413060261614,0.16300389562366588
9,30,9_30,0.0070790105424821375,0.13233032692223787,0.14300188272446393,-0.3712567589432001,-0.015540736146271229,0.056022765927249564,0.37100768499076364,0.08831631842255593,0.2542465282082558,-0.09510582533292472,-0.11431437855074182,-0.2365159980300814,-3.13725280380249,0.09331778242997825,0.21636930974572896,-0.19309361040964723,0.02225689973309636,-0.023055752282962205,-0.10385473627597093,0.07626039046561345,0.1249293165964773,-0.12558530524373054,0.32581476420164107,-0.19535240321606398,-0.0009521846706047654,0.3791758087575436,-0.018728264927864075,0.06953130170702934,-0.03849892905424349,-0.03157149792392738,0.29206403796374797,-0.0877132010962814,0.08782397533766925,0.05495796391647309,0.5600614959001541,-0.1094070260382723,0.04551444245129824,0.0016923120813444256,0.09858846304938197,0.25709731079638004,-0.5014370711073279,-0.22700668681040406,0.24359145213663577,0.07190131513169035,0.05127501833438873,-0.016802873780950904,0.05907958544977009,-0.15713406635448338,0.17180930693354457,0.21616453501582145
9,31,9_31,-0.011595747848175358,0.11917483191535198,0.20449767898258975,-0.3702983678110855,-0.03323119000210125,0.06808874117907324,0.3309818530093423,0.09583840274885162,0.29097904268947006,-0.1240567729464274,-0.08146337361373142,-0.28435490494459975,-3.214757853274723,0.12077854765309423,0.23533836962226376,-0.21717402067290043,0.00013424023959062082,0.0008483179300527671,-0.06924787306782904,0.05031853462167406,0.16423632901852026,-0.25421980140636935,0.30858768422236976,-0.25444425508319635,0.06562594519660091,0.3828562636115997,-0.06574099021796272,0.08572688842487099,0.01936958363051895,-0.08109074142567224,0.26531614904566636,-0.08726276011204534,0.09273976059555136,0.07658584495979569,0.625861461277676,-0.09166130077314945,0.09377007880078532,-0.0291654730229069,0.06514039834485584,0.3153851241101142,-0.5875541374435742,-0.28020228251225227,0.2502040092451431,0.09475165691977139,0.05529717057474333,0.007118570464227697,0.005081921961600725,-0.1818977098932101,0.23603332276194752,0.23937047510273862
9,32,9_32,-0.040778437240805945,0.05447697906929534,0.20956330182962118,-0.41893423344008623,-0.05163811640959466,0.02942780102894176,0.3474544831318781,0.12039632900632569,0.33088566092192195,-0.13135674603399822,-0.09960487455246039,-0.27274693179642784,-3.100415702164173,0.07576979738660157,0.25414063614443877,-0.19787541656114627,-0.017961007084522862,-0.0626735193629429,-0.06752742311218754,0.09191438827838283,0.16059008908923716,-0.2053602621832397,0.3463588373269886,-0.2727886872307863,-0.02953761602693703,0.3972350744566938,-0.045151671319035816,0.08968952520517633,-0.05565836860332638,-0.09632220834901091,0.28765471408260057,-0.06539285970211495,0.11970451695960946,0.06915479060116922,0.573360281297937,-0.09099944824483827,0.09279822169517046,-0.025325513968709856,0.08731877561149304,0.2607173584110569,-0.5004880065564066,-0.3406811785127502,0.25666882379446176,0.05932833487604512,0.004649608011823148,0.007572677760617807,0.03418453438735014,-0.14628528181638104,0.25133522748947146,0.20492846641864162
9,33,9_33,-0.018071264040723345,0.11125930818710841,0.16380678880214083,-0.3736810084201055,-0.05223542844094458,0.06433924255296102,0.2658725757976641,0.06331430805475737,0.2505019210154203,-0.09753652480491772,-0.07456180884265433,-0.2640930332195507,-2.9799216689627155,0.11764461807801055,0.2340366017420356,-0.18691918865041016,0.027669577043198407,-0.03095643675514783,-0.15617482092846308,0.09520982723687683,0.10511535356693226,-0.15998642380331077,0.32680623558368166,-0.2462951278107034,-0.02235402530741161,0.3828541365044277,-0.0274333238816254,0.07161647220084358,-0.03012970824546357,-0.058891066593525845,0.2751654544966965,-0.06696109170416747,0.09525859332072786,0.042692169900892266,0.5729791477225186,-0.03863712308891848,0.03102233473765451,-0.007532029115941887,0.13378756002102996,0.2703873302979285,-0.49991117501509635,-0.3026596342542154,0.24864318192741694,0.07501951497644672,0.022890874103443648,-0.03582539862277461,-0.011003179258813023,-0.16585391199709298,0.258818938713399,0.1687550373083236
9,34,9_34,0.00883250575474964,0.11821561498699354,0.1691359815139302,-0.3499588439122618,-0.04008750021027003,0.05785017536473299,0.33027495978389343,0.0753471751046647,0.26002651626093454,-0.09139809464077557,-0.09087462027282474,-0.27795347511886775,-3.110090940673916,0.11796676301263809,0.22007415733822336,-0.16518752912080117,0.004596477304450694,-0.057070485056469465,-0.0999270342855655,0.03324003267974049,0.11240322394747385,-0.15719833743160946,0.3127130361911814,-0.21695322153223087,-0.02200830904793834,0.46118687583413515,-0.02698349306155319,0.07572688499863954,-0.02801669061936255,-0.07601867317635232,0.2868270089565857,-0.0522167528054214,0.11639469563341942,0.015276992296520082,0.5699294148897214,-0.0403723794687001,0.03276015495924505,-0.016083760341801652,0.10499552570450298,0.22695829455385447,-0.4495663559656439,-0.2606058587288017,0.23839087055382358,0.05036478524158219,0.06687969734725364,-0.10271663109723457,0.01995252936976192,-0.14672851807846973,0.21783438126282023,0.22416418220180306
9,35,9_35,0.027497609572198527,0.11461027723987802,0.18974447236038172,-0.35676284975443895,-0.031177001235146936,0.08480233263152723,0.38060205557311955,0.06126809276980706,0.25270851294939906,-0.07093669986710525,-0.11108263150627654,-0.2630163333593653,-3.200631957787734,0.1350748469766516,0.22922777419265072,-0.17421036291545114,0.02348636577405089,-0.04053532446498419,-0.10472058391628357,0.03889474807522045,0.11270060930042886,-0.13194760853836598,0.33649725631918187,-0.2480196947330394,0.000298378813581971,0.46195613983302164,-0.049727392425008406,0.06135129057085858,-0.015702856874738175,-0.06668776031225347,0.2771192209974218,-0.07917749367367763,0.11607473287485146,0.023982227892086556,0.5850201881848849,-0.06558654751771918,0.055667442253504236,-0.036885215518458817,0.11347510414377142,0.24505511071676245,-0.5086441875077211,-0.24898852180295553,0.2585994406889838,0.04113172465451778,0.0616650576909216,-0.09008772330931746,0.011872508883691178,-0.15360407858881026,0.20211263430269005,0.2257226997986436
9,36,9_36,0.021209366356093336,0.11407570194985185,0.17153678881004453,-0.39107756622945,-0.03275884798356509,0.07922342475753144,0.3787419781798408,0.08052937823508512,0.2444265155659412,-0.07373669798142232,-0.11316373627189369,-0.2832060548465788,-3.1425974510964894,0.11929357006391954,0.17327005512613272,-0.18856449691035473,0.02269991569309717,-0.06040491433564706,-0.13630526523948425,0.07212982896923374,0.10874673254355523,-0.11839990479694236,0.34096250564089997,-0.21835845411156438,-0.0014460450093749734,0.4432149093620302,-0.024394204662669273,0.08827089987573258,-0.037699169775892404,-0.06799277574672098,0.26477254898331704,-0.06516327739449307,0.11750735572284265,0.05444067803078464,0.5483990477930222,-0.0808849980877269,0.04607316618785262,-0.022266646280297123,0.13724543705272177,0.28172180879240233,-0.49271820231972796,-0.24297288310758414,0.2614231136671844,0.05849944965268064,0.05995748426288455,-0.04663790848904422,0.032702379064479224,-0.15099059874843251,0.1980840578125069,0.2345082293170327
9,37,9_37,0.015351950795425532,0.09937305123401949,0.1895046533945088,-0.3588898224899402,-0.03293567716844756,0.07899055484519452,0.394666422541307,0.0989137038816877,0.25200923975745143,-0.07651077208860303,-0.1055019662509529,-0.2475234618759714,-3.211372359440877,0.11618247197419315,0.21705309095649192,-0.1871652358587688,0.017303620493084263,-0.052784009081033915,-0.11378431983757764,0.06563071746159739,0.12676426356147902,-0.14965193741954863,0.3428356768966366,-0.22744614356018317,-0.005979571384019577,0.4771935118881699,-0.013351566047416642,0.06519513370809503,-0.045392257506206915,-0.11561116938761327,0.2954902166966349,-0.029793978356442843,0.11359560278315957,0.05676760864802278,0.5581542251345056,-0.04921990830021409,0.07424567453003525,-0.05968562357884366,0.10718746392320519,0.2578448274826559,-0.46541004820476073,-0.28316072433237705,0.2557210302195297,0.06135062263526309,0.05404544071867489,-0.03974423720501363,0.05269792766193859,-0.17142102773672938,0.21599569498525503,0.24311121133471786
9,38,9_38,-0.03601697360863909,0.07074443483434152,0.18010184535523877,-0.3712294613011181,-0.04889477472170256,0.061182661025668494,0.3433294593822211,0.08751065286342055,0.27155345083447174,-0.12664083646959626,-0.11867195990635082,-0.2636318399492666,-3.0459558479487896,0.11333408317295834,0.22203396714758128,-0.19145301772659878,0.035434153134701774,-0.04186004193034023,-0.07510498818010092,0.050011537974933164,0.06852332881098847,-0.18083449758705683,0.350633076345548,-0.2576463970297482,-0.014770974408020266,0.4209669215604663,-0.01994375451176893,0.07507646828889847,-0.04804367055571675,-0.08093684852356091,0.2810096110682935,-0.05629958640784025,0.1043328243365977,0.01757021974772215,0.5583585776388645,-0.10354683632722299,0.045648503398115284,-0.02971395568456501,0.14376108580618166,0.2293722534843255,-0.4754918367834762,-0.28731370414607227,0.25273556812753667,0.06509752038109581,0.04414626352518099,-0.031215578957926482,0.028730994858779012,-0.16934962761879432,0.2502320634492207,0.21474454570561646
9,39,9_39,-0.060858513341919905,0.05487244077587286,0.2045011892749936,-0.3498676377307393,-0.03672885522452406,0.058054418076423156,0.4339250149617417,0.09697875832990471,0.25491000568510686,-0.15467061073956104,-0.13791122063335065,-0.19976058013044892,-3.2220805366482357,0.08224650049186517,0.22630160183241937,-0.17245607080547948,0.051113271805564915,-0.09068108375175996,-0.08007124550455143,0.05571082074285806,0.12014395063660577,-0.1587304084405171,0.304960841214103,-0.23844642859452972,-0.01945692531978794,0.4664047301573827,-0.10580249907020636,0.07062941139349632,-0.06363587542148554,-0.1455047022040307,0.22971415985942267,-0.020727553234108007,0.052131762052783165,0.04648885252036616,0.5191851239486606,-0.07171846073882168,0.04953492785993535,-0.012059828649744787,0.12017369780079586,0.2189545737892653,-0.4585129140826783,-0.28465342788701564,0.26385308937705326,0.11899065430300822,0.03194847829388537,0.009851965534014512,0.09496640352392158,-0.11888281173748583,0.20767383040310156,0.20000023845649134
9,40,9_40,-0.061790780901261,0.07932051702038101,0.18533849764372343,-0.3782228461912145,-0.04771149705123642,0.07054701782965465,0.4116162055860395,0.08384659622755387,0.2695077905289667,-0.10933485035177158,-0.1649243363543697,-0.21739458366621123,-3.16848145775173,0.047558445212147804,0.20573468784923138,-0.18362970531351216,0.005094478237784326,-0.09332319996319711,-0.08218925629195797,0.04361331530684686,0.1392062387581024,-0.19477454958402593,0.2988307067233583,-0.20701911918333044,-0.025689985446819184,0.4666398099760282,-0.06859955446713645,0.11097575805514404,-0.058803644096073894,-0.11737620517530518,0.23544651282870252,-0.04969173110616596,0.08863445683686144,0.04137479223857593,0.5184679603649546,-0.07289826447630059,0.05802009174519259,-0.009983856914281521,0.13494014942755356,0.2352089172229171,-0.47081180597129074,-0.2800666187161013,0.26730397370512315,0.09554885640315225,0.037288535691534536,-0.022897704061039765,0.0795649109489244,-0.11823292325210312,0.2094683526104073,0.2561229268250906
9,41,9_41,-0.005303359792068056,0.1086725155118762,0.2253043628411322,-0.35584736206546064,-0.030344610062723116,0.10249290006837194,0.31645724055266417,0.0562823931913732,0.2489919080342189,-0.14526769895924302,-0.08369155127765247,-0.3024380969933501,-3.077181794294497,0.14558326650592612,0.25799054340544586,-0.18921827810259945,0.033109409621030816,0.02334670438828719,-0.021466353590168605,0.04933587005418703,0.1191632574049347,-0.21252280013726615,0.309263048838347,-0.25890056713961246,0.009347990609523727,0.46576547166105453,-0.0696304351802654,0.08381801649144419,-0.0353953241027761,-0.12483060190016858,0.30900873182477745,-0.11562229791746997,0.1340805401389555,0.03580434448099922,0.640859155484089,-0.09866737621756862,0.07216356785843013,-0.0010545202786466333,0.13430417507387152,0.22046988927645655,-0.49660517229903034,-0.28282113029144523,0.29912459466424657,0.10079623107434954,0.042799024205234626,0.0012389456188851378,-0.001799888099634611,-0.1683223450360479,0.2250263151235697,0.23765069807357178
9,42,9_42,-0.09520900863886093,0.03211432120179851,0.21893210853734757,-0.4000935598993473,-0.02498703655743261,0.02870026688684421,0.38561692573264134,0.05735137370262603,0.29676649329694754,-0.13934267749557633,-0.09148066757670219,-0.21344362493443617,-3.1872379368157695,0.07291666612534937,0.21143451775706845,-0.16203516344255064,-0.011375989056386643,-0.06941065561150288,-0.05573240574909937,0.006787993200625822,0.06792729105189,-0.2584116462728665,0.3021777796981146,-0.2814908402590014,0.008638232609712714,0.45216296136164835,-0.07891981446991587,0.13466232441610274,-0.04916178481820837,-0.1346359540869167,0.2188915946539081,-0.03185785588893785,0.0764758224086501,0.03970043266379683,0.5468141123411252,-0.08858657678465272,0.07759522882050654,0.01251185327607522,0.1384165695928734,0.20717786551995887,-0.4620201886236239,-0.29455776528033206,0.2416586066837416,0.06878546417545085,0.07877213979979956,-0.019971241943350586,0.056152942057752564,-0.11472915752460885,0.26030701360323555,0.28091625347666493
9,43,9_43,-0.024794674983319612,0.11070110462537204,0.19562536451734572,-0.3858727758794319,0.0009351094211195046,0.03394344304394945,0.3345619116169144,0.019915266659598446,0.2744172010043687,-0.09576310864539714,-0.09747387137069854,-0.2532556893317282,-3.071606781069688,0.06373891394079377,0.21061698155496894,-0.16897453667089987,0.026779977577820045,-0.06548502359825267,-0.11167346486580232,0.008007029136074487,0.057710557667754854,-0.14344193870715033,0.34433170630391247,-0.2538564412563115,-0.005181494913720269,0.4335753389700191,-0.09078512929506438,0.10649599584450167,-0.042533051686390766,-0.0271861681565239,0.24534135757886813,-0.03311431913555959,0.14197179310144928,0.05177888821023993,0.5065780811545285,-0.05165129323791544,0.041853090296279434,-0.003908323763418708,0.14582761730008767,0.2304445189005864,-0.38987269370099825,-0.25442562935191876,0.22483121121107916,0.045125844583429095,0.048737083155296075,-0.010470593224396915,0.05417731057923089,-0.0916340325484199,0.2398850585081894,0.26606847224326247
9,44,9_44,-0.00971526389627758,0.08835147559970526,0.195013986930818,-0.37334219872149255,-0.009407070526757034,0.06854910728314122,0.3611964473662817,0.05038707816730375,0.26337585250755935,-0.08345094905867566,-0.09287113736575955,-0.24311376492993947,-3.0987579304239024,0.05314454601624596,0.18797894340241328,-0.14551087674107807,0.00865804768996579,-0.06591506062345022,-0.1095874767659394,0.03805185514046689,0.10407297288259582,-0.12210589360999977,0.32599885737315915,-0.20454183927200653,-0.009718588222787494,0.4626363996345469,-0.04227665441525776,0.0933449348980819,-0.0813705970810944,-0.052274687200817585,0.2765651053776547,-0.029759725719012076,0.130015930625276,0.04763061746210872,0.5010697546657985,-0.045535317452880045,0.04573618332189811,0.00879731434792041,0.14024846231610433,0.2492339825884024,-0.3837753328742743,-0.25400756384719303,0.24017896798677216,0.0324950095622942,0.06779461150353713,-0.036302568341101425,0.056631292555602675,-0.10334417618492886,0.23791936893426086,0.2551844845242474
9,45,9_45,-0.06073305236574795,0.05687149119829493,0.20402843133679457,-0.35703308552104446,-0.04910976682390485,0.06472055387417121,0.39826883780370864,0.09225085428117641,0.27979418382048604,-0.15537970504790014,-0.10643326147625755,-0.23816683922062762,-3.2288768080302646,0.04538572151147361,0.22344192986559522,-0.1764050133147144,-0.015757483089608806,-0.07904644097600665,-0.08458818532393447,0.007696787218696305,0.0785886537640181,-0.1633037858166998,0.30825967553071676,-0.24266870340598481,0.013492067885984267,0.4544759224355221,-0.0557795483931633,0.12442297365599578,-0.03189809637144208,-0.10780607182000365,0.2335792568472347,-0.039206640805516925,0.08619315884708027,0.0654552041313478,0.49431989240360313,-0.04910271034176861,0.040793946413988515,-0.00563525519732918,0.14320018773599127,0.21287505180175814,-0.44716149592772125,-0.3001651931474251,0.2741811920037227,0.051547515181425425,0.04786563878878951,-0.001299656051144536,0.07700725962665664,-0.08818803501049323,0.23521486120498075,0.25850766673151937
9,46,9_46,-0.05602192699048807,0.06596832249003153,0.1824608117411577,-0.3481858956691777,-0.05852676864918161,0.06560075197946923,0.3652710447237752,0.08043637091843224,0.27371104409779023,-0.14327360970508735,-0.08821147906155079,-0.22203648199953524,-3.1768496704512628,0.028407190672132647,0.22020006526178607,-0.18303643112842277,0.014193976015633979,-0.09112519679869387,-0.07213964314606769,0.018459428025505924,0.0671476611128912,-0.15625748999855726,0.31385657523127125,-0.23499669842341722,-0.01605925333536305,0.4789727374097739,-0.061703811983387896,0.0813779960073338,-0.06722632028067474,-0.11263861797680415,0.23940396574111764,-0.029461927002766865,0.09643351539150523,0.05105016204838282,0.48685220807747936,-0.021357628279338837,0.04055035139979987,-0.01219925720742422,0.16363207616069858,0.19079472489478388,-0.39771862841885663,-0.26150119573348896,0.2668146844899774,0.04022350876014037,0.04726553570205512,-0.04086880868932382,0.06738741706585748,-0.08720547761085667,0.23616239464515285,0.2272279876332473
9,47,9_47,-0.019796048860631084,0.09146394325580331,0.17194798795805713,-0.31729788884320964,-0.05102411197232348,0.0607544941262209,0.3220796559978875,0.04584227673684446,0.20843632406821208,-0.042903144306702806,-0.03671390288509428,-0.2230622875138319,-3.0501040075506483,0.08994039183183174,0.1989942591221604,-0.17969720996084756,0.03025575775370401,-0.07498149779109683,-0.10252822493202984,0.0442276415431739,-4.7780525138867754e-05,-0.08746561412366906,0.3419138902997864,-0.25786199541097243,-0.07860411257799049,0.4490745211485773,-0.014382255671080202,0.016661443118105777,-0.08518708686710202,-0.11980106790350484,0.3077834404871932,-0.06865142995292055,0.11420925889064425,-0.02567222175421193,0.5585864049848169,0.04897650661969237,0.018224850622937085,-0.04165062917995133,0.13737470684240438,0.23992229837791196,-0.4038431192706672,-0.29183241932519843,0.2603484076123485,0.05539422883968135,0.054927950787012896,-0.06758253565473882,0.02743882678997969,-0.14569825574872083,0.2547916525376162,0.17165249800413482
9,48,9_48,-0.015018239607369262,0.12171376732294448,0.17701368160030273,-0.2927232613254871,-0.05337547850628783,0.07389923154176878,0.3101733509185059,0.08947345849197258,0.263779843156226,-0.05820095193672127,-0.049740128614939746,-0.26172581746109896,-3.135052308865956,0.10154304799756833,0.21023002756826048,-0.24334882261298066,-0.002479898959531316,-0.027676093248218032,-0.05023163244394319,0.06827602001971432,0.036750927873487986,-0.23206295476827238,0.318970081462924,-0.25258606875847495,0.01720043184801138,0.3784340990175094,-0.06960496226851579,0.05993209657525378,-0.008796104516035744,-0.11261723347540413,0.24454754036185997,-0.09555500571649256,0.11239201985299588,0.004666850177038993,0.6240646069204169,-0.0569358459806868,0.06025413341017806,-0.06393887864292733,0.130746632303843,0.2811803920645616,-0.5729990129691682,-0.28523421846330166,0.21128300660306454,0.09045644024091806,0.03426377922379678,-0.0070586210166636324,0.02044424836224477,-0.17426428123310742,0.2283332708935112,0.186532152264512
9,49,9_49,-0.019478084221482277,0.055057803108356895,0.18708457369357348,-0.3308050338597968,-0.02761224686400965,0.0910165130533278,0.3761221721582115,0.07115086011122912,0.2923956817947328,-0.07879881087690592,-0.08204172103665769,-0.23157326299231498,-3.2358269262313843,0.07634784232825041,0.19593043721280992,-0.1768780891597271,0.027180316210651655,-0.07440616668842268,-0.08602664778358303,0.047391782708000395,0.06043177512241527,-0.13832325050068903,0.31331925131729804,-0.2342120300186798,-0.0412915177049581,0.4365097640827298,-0.0681130733853206,0.04890090986620635,-0.060400179063435644,-0.11440534685272724,0.26146504683420063,-0.0215946508012712,0.10767902698891703,0.043195823170244695,0.5071666589379311,-0.033894941756734624,0.011415534641128034,-0.02604433655273169,0.10649716426152736,0.22268482402316295,-0.463259761556983,-0.2583004442229867,0.26291332619264723,0.05855290906038135,0.06376755504403263,-0.05848703455645591,0.0759675124520436,-0.12140255043515935,0.20730422887951136,0.22521511064842342
9,50,9_50,-0.007518283219779937,0.06693858799182487,0.1670762782403249,-0.3966433332320683,-0.08220852098703309,0.07620240226910659,0.3743141872086087,0.06253701863971976,0.26354286401551597,-0.09033737394053545,-0.0377172489926143,-0.22687227145901748,-3.206026788876981,0.08454953718037174,0.22863950005171782,-0.1660770166057105,0.03014087148381359,-0.07344114469193226,-0.08778214933616775,0.004488843445647128,0.08082335499918317,-0.1415223079728799,0.3106375259575339,-0.2189196362967926,-0.04859465297444591,0.49079482173737216,-0.021558718504004027,0.07313470128681321,-0.09838911348702006,-0.1555014895655367,0.23858365282649174,-0.014032412396401775,0.10451983125661785,0.043520342078706135,0.5167096917498477,-0.0309712929022736,0.03208479927187519,-0.04313334735462024,0.11717436837070451,0.2250298753532828,-0.41678860909020415,-0.29996544258592994,0.2748805294953743,0.05456973498892657,0.038890101524587835,-0.051352319980874105,0.026436216029818455,-0.0971691018423037,0.25079656090606384,0.26950559465746793
9,51,9_51,0.0012395769478181344,0.10391347408900582,0.17771682883776202,-0.3870623039533738,-0.04244892068761428,0.10721591863732197,0.4006333910582358,0.05775075857200774,0.253555190183048,-0.08241298703758634,-0.11856286559793118,-0.24785391865699818,-3.241336586879708,0.07037715704557458,0.21078947918763252,-0.17406927793809587,0.025174036717358215,-0.10196957330162261,-0.12095891553581807,0.005508134376437387,0.08659146576323301,-0.1360734374730777,0.34092750261695676,-0.2039336240305756,-0.04985159692594139,0.47345713887646884,-0.06697267961650215,0.08955043793263796,-0.07684741554405998,-0.03758608166683923,0.2646029672574535,-0.05085058128992259,0.09624228196603937,0.05500375178141508,0.5075685529158129,-0.03993098432748246,0.0008062487195806894,-0.010418475085593031,0.15447186379198727,0.23981219478093133,-0.41948307532686413,-0.22320360966382155,0.2957705866234998,0.0435705555913349,0.04563631150702679,-0.05597727574007749,0.04034429317209543,-0.0944755837322643,0.22115605861719217,0.2589839812999929
9,52,9_52,-0.04496362196820609,0.025875372003409655,0.21774626977288455,-0.40360269570339835,-0.04823061660615503,0.025117356620334534,0.33416205452565656,0.06354517417116695,0.3744144379711063,-0.14222116541210786,-0.14436187302857129,-0.32213130979234017,-3.110727253242042,0.059832840054152764,0.29550476819306565,-0.22519668082642813,0.012928708827708718,-0.07631140192684864,-0.06631580568888226,0.014575292562255194,0.12347985677542839,-0.22390243271161198,0.36851706603071843,-0.23850619721998034,0.041529318381681606,0.5193798803685667,-0.10563974511979249,0.148828251772157,-0.04374402536724469,-0.10001855376744355,0.1916226736468628,0.028082851621601162,0.12805437094907482,0.10422262029777628,0.4410225147521768,-0.06842913032490541,-0.0001484865280680549,0.08783719281951936,0.1534269578235806,0.18468017487997967,-0.31848575266062495,-0.39093541695599476,0.271392063590692,0.026943471238646394,-0.02240538553714641,-0.031005888719905637,0.07790899434256718,-0.03124142256418478,0.2947406864662979,0.3875284071900625
9,53,9_53,0.0167193083253194,0.07656219585858608,0.18600201456009838,-0.3731776011325733,-0.043816536926774445,0.06000080261045953,0.3249591516332803,0.0380595820256949,0.3065808802127655,-0.10038673318202906,-0.11399260334074222,-0.3196100414571704,-3.05550833870087,0.08266463070073389,0.2507364846909427,-0.21579550476970724,0.01723079200211005,-0.04627716860096344,-0.10982506625798338,0.040918347002046364,0.14017319573351783,-0.15472462061386263,0.37436017558029716,-0.208845523837524,0.02674717698284309,0.5092914031447159,-0.03663527712849497,0.11785198350767075,-0.04315594200451096,-0.06320734973692331,0.25167063148554714,-0.021662264570796702,0.15132577465662933,0.06565139804046231,0.48256641371737585,-0.033077748093355196,0.027718750722354493,0.04946312397843809,0.12712348262437537,0.2265897947941211,-0.33389775099228863,-0.3314052603208511,0.26185783276399244,0.01723219525684047,0.01841731671738057,-0.06640870942653625,0.0272335123771778,-0.06921880195093663,0.26764534717695376,0.3099069791900501
9,54,9_54,0.025479481786934353,0.10476111155097828,0.16272592096967106,-0.36567016798468543,-0.025080566026331887,0.07053059611004162,0.3383269822987424,0.02986574700142853,0.2704981021120806,-0.08764646691065382,-0.09464324582962026,-0.29498500037796954,-3.0882470544846035,0.0914399585610389,0.2287661890929038,-0.183509774109193,0.010438500689029132,-0.044400280078902024,-0.13929723264225438,0.03853263934404389,0.13825154970277162,-0.13076333327701908,0.3804673554627187,-0.18948534268291015,-0.014656765501774817,0.4752687240216039,-0.01616721438289354,0.09744112492685374,-0.05057800839639762,-0.04177827974245198,0.2718583489729612,-0.06804919960821634,0.1475804057387359,0.0542479099741693,0.5149016987030799,-0.029407895214733425,0.029039036573625405,0.015205637045867235,0.12288751153328774,0.2336252811377432,-0.3720777789866476,-0.28284176822910234,0.26689327304177135,0.018002129343312474,0.0537843294275308,-0.07184150866002817,0.03010364150860333,-0.08898961508466392,0.24477227293181766,0.2570154245870997
9,55,9_55,0.005971881902653751,0.09382403868602825,0.1698439563330547,-0.37003608879055067,-0.041382879121783,0.069610540607924,0.34686190939246986,0.046370953242584445,0.26706895450317064,-0.07385607909263617,-0.10649629310757998,-0.2766205718761161,-3.1220442423368477,0.07551324581668961,0.22023646185325188,-0.1719941841701321,0.012639065351653983,-0.04746939935936761,-0.1400139653689019,0.0425297509693107,0.1449800591453214,-0.1353090146752758,0.3589441730748156,-0.18553567165638699,-0.01910314648855217,0.4900657982845898,-0.006161355123431924,0.07391376749475906,-0.03303568729615578,-0.06784547354718631,0.2782309257216989,-0.04193782991362687,0.13639983623660754,0.0557770173353806,0.5203473558906919,-0.025251359917045153,0.0474873097720781,0.011970088375861268,0.12591887484555614,0.24969867712252888,-0.37673226563703766,-0.2870665465872804,0.2648926130928736,0.01860443451270339,0.041901315560739914,-0.07964514058091031,0.026282746831671817,-0.09555780515269477,0.24644037211602934,0.26197734421580426
9,56,9_56,0.00352993705968636,0.09153196170172166,0.17656151837107129,-0.35696459440866624,-0.043533254447732254,0.06826071615372614,0.37078710171493184,0.052723466242103986,0.2721548327052423,-0.06529960367849477,-0.09687736744181115,-0.2756980773973271,-3.17055220196561,0.08029665048140643,0.21622699105796464,-0.16212850582331984,0.0193313871531849,-0.06167254484185547,-0.1276379239000967,0.03483700202334495,0.12434420350277718,-0.15571678949373902,0.35817307114851576,-0.17966343901983947,-0.02773751735695245,0.4925590483582623,-0.016260069218623656,0.0848319053673381,-0.050528086566187555,-0.0883717020903127,0.2540564440179053,-0.040040043751703946,0.13409223255808322,0.05690270751559486,0.5068410940557009,-0.03286215556291107,0.02765354043699759,0.0010448381459961336,0.11670554177450794,0.2367350959325997,-0.38632897439387337,-0.2858988312767631,0.2670644304900318,0.0223284219195988,0.04351263772435382,-0.07959807332476744,0.06920045860247369,-0.09160162905135409,0.22597732875464843,0.28323830012753815
9,57,9_57,0.005667019472134093,0.11845897158168049,0.19604774314898854,-0.37355971899038803,-0.03661153553669768,0.06902944971544558,0.36130769454757683,0.053093161429084525,0.2645835758246701,-0.08770220243402743,-0.10405852198113684,-0.27759502441575834,-3.1098505465520754,0.0778962554292472,0.22932608514868966,-0.17130090081951088,0.02516075799919943,-0.040950322138895795,-0.10027492243332542,0.013561893750092067,0.14925644661666915,-0.19270165987028223,0.3507331068924234,-0.2162308090086703,-0.01155983397984528,0.4910084476125323,0.009101869134964444,0.04565327166427677,-0.04294995837699389,-0.07313697320912776,0.26093774918424767,-0.06461198074591973,0.12071043854545375,0.047578260641684106,0.5569634632686049,-0.07235114581054505,0.046962219238695174,0.002013454333387522,0.11520101645449661,0.21841252557432098,-0.39674985125829054,-0.28162520034096716,0.2521875114923912,0.023112175111868458,0.032440682378971054,-0.06790496547879836,0.04131206343744351,-0.10222836380449331,0.19787299625548055,0.2923031868732424
9,58,9_58,-0.00995808539525369,0.11780740657095212,0.18316164177218924,-0.37232057467355567,-0.05831652147285009,0.05722051903889593,0.33970822442472925,0.03518244116369761,0.2403663971844145,-0.06886664743858815,-0.10856239959139818,-0.309544878421446,-3.102373312691511,0.07529698395805623,0.201897371295145,-0.19748687522152392,0.020278426302375935,-0.04788369895227873,-0.10612357962931807,0.02248612282769577,0.13168161160803904,-0.19063132990830403,0.36894520238294437,-0.18914837405456514,-0.005799063624813166,0.4605345083495318,0.0418245419132537,0.09262999303380454,-0.033786944167439874,-0.050902701740674045,0.2692329366399386,-0.06925144739512165,0.13386515955424916,0.05466185760661127,0.5363768139141276,-0.07399839201046281,0.03947004510910582,0.018487321438516443,0.105122006767019,0.2530583107649394,-0.41747493509171624,-0.2703766139314936,0.24963613191335382,0.029585140985555126,0.0339614281620262,-0.04966831453908156,0.04710571877125619,-0.11233586712101064,0.19337781717866595,0.24687268871920562
9,59,9_59,0.05092904452275044,0.13036700495024134,0.2230646444075598,-0.38670929048023134,-0.034877243714478534,0.09436442787317367,0.2850882906926224,0.02223118304868756,0.23709292781154906,-0.10334866334038673,-0.08895971180415939,-0.36933597282841607,-2.9109010854095376,0.16569494548707672,0.23218889890140706,-0.24481311079518742,0.019219142682640935,0.013961437773008747,-0.08842120011577785,0.0934466327934479,0.15028735066002738,-0.18164431483782925,0.41935074052689647,-0.2607000623894338,0.06539823989238049,0.40427439995898456,0.017714231295348513,0.05527014488968124,-0.04455424376877971,-0.01190393460882463,0.30322905822836294,-0.1300742731382824,0.16618348209011996,0.035797005726693434,0.6032594400150061,-0.14993790511348934,0.05138367028998873,0.006192583295646174,0.0861662066314941,0.2661466510065895,-0.46712573860875434,-0.24178652063371842,0.2320113292566954,0.013143533299938932,0.04544273910676893,-0.018514675748529573,0.011070517520666635,-0.17889401030593685,0.17278800075532744,0.24584412201884864
9,60,9_60,0.06390247777998743,0.12437720767802266,0.2106555342235696,-0.3690922354981205,-0.03818428011952343,0.10161239607706198,0.32164359482241767,0.022664651904186164,0.22622609001131008,-0.10623576780399259,-0.09090791309544662,-0.36478428009998487,-2.9915647993958188,0.14684427878957995,0.22413497309433913,-0.2169091638945882,0.03192412427462706,-0.01595382812533345,-0.11920031030042091,0.08764251660975682,0.13872237544281657,-0.15267934637016706,0.41608639816241094,-0.23911529392245467,0.031824131189813476,0.414070428170682,0.014892042248719865,0.04583115194941576,-0.05260132238100312,-0.03012421415138142,0.27793249775003886,-0.12142053962475435,0.15459500502954512,0.032380045341418945,0.5692148900883569,-0.12211483887060443,0.033766609766870424,-0.00016005388708974891,0.10000312748696487,0.2716253606600086,-0.45167351616472595,-0.2383368145933168,0.24102860331940637,0.0015418468689651933,0.07475961646648424,-0.027232495123469987,0.0334482924780493,-0.15482046652742953,0.16792943893772275,0.24203219237535942
9,61,9_61,0.03398922026473994,0.12061697874697998,0.22122532981588985,-0.3793040081509389,-0.03965107431775488,0.07824738976055276,0.3125124647331452,0.045271401449581666,0.25097601013575593,-0.10125476496636332,-0.09261227506794967,-0.3404532354483804,-2.967811770059846,0.13498631519845125,0.23079866749961211,-0.21452412525832187,0.008736922745204842,-0.02199415163318697,-0.08481722633763583,0.06805055674913367,0.1299666813594575,-0.19827835848660802,0.36920274699558364,-0.23869346264594546,0.03081314656909936,0.4415576864443155,0.013416303170467445,0.057610867560111786,-0.04783325658581816,-0.07102416670849462,0.27311538998478546,-0.10290314223366846,0.15429260645539739,0.04847901979210843,0.6009746276717068,-0.11575294626792046,0.060935643509296686,0.005742517518669818,0.07820631376517033,0.255397031741626,-0.46473160305123945,-0.28045563607751817,0.2490104748267737,0.023166579564042077,0.03720938389277294,-0.03394038007845114,0.011815105163612205,-0.15166814519651586,0.19952346141662652,0.26049861863959284
9,62,9_62,0.062395257021056576,0.1264556115914491,0.17163529942876526,-0.34349565651445163,-0.03626934088201129,0.08537545655493713,0.3388080313524586,0.0406686308344693,0.21917509617771777,-0.062285811639767846,-0.10384748087076115,-0.3462453300016932,-3.032391463858741,0.12090279254840598,0.19533402992944632,-0.18593701396131931,0.02659997370404502,-0.01598459746732953,-0.10194252544195131,0.06969289467226536,0.12120659601142895,-0.1643928455166696,0.3747721560321571,-0.1997710892498227,0.005224931490236139,0.4229403402124132,0.022921632704812855,0.04157149693533679,-0.04443332552850084,-0.02833717134781182,0.28459703612274356,-0.1263963272046697,0.1412711661830101,0.034303832556387144,0.5705375943599003,-0.08863810183192115,0.03905638388269359,-0.005841613985830918,0.08722406452344288,0.2334446096393679,-0.4636280703103347,-0.24135041414216782,0.2509309273080102,0.023332388628096806,0.03027946409059777,-0.05526015548578774,0.031401164517904236,-0.13707160653457756,0.17233598379035747,0.2221190022307426
9,63,9_63,0.026932856714067695,0.1353762393166009,0.19161504081467184,-0.3562449934590306,-0.03927278263821594,0.07658435888499282,0.33119475263535875,0.03426887686332889,0.2218227461468101,-0.09243108397575205,-0.08157862957093974,-0.3185078248482298,-3.034873674044738,0.13191786706909067,0.23155345856568668,-0.19912470099704996,0.03223135514732299,-0.02887224590747726,-0.10847134704424723,0.05350350753199949,0.12130440500153748,-0.16298831713664858,0.3571785725862929,-0.21397341000176295,0.007672922186519917,0.4338581017679996,-0.0029237958005323235,0.060092055047904186,-0.059988098507453395,-0.017502557551320474,0.2763808570206501,-0.10641253683799962,0.13616876704366626,0.04166397000537128,0.5565283568355733,-0.08670623944956926,0.01373779448863593,-0.004118326895394119,0.1020909103319502,0.24682363225862924,-0.4511819564179425,-0.2381721919555603,0.2284976768743683,0.02756956474326757,0.04714061298537664,-0.03170190479287559,0.04458750146315307,-0.12135584867031833,0.16737646928166147,0.22843246056324895
9,64,9_64,0.0017323727836698448,0.09903767648829173,0.19558149102472458,-0.3499390864968045,-0.043182880579404635,0.07179229744320914,0.3565344831281125,0.038516144711549766,0.2378073373429911,-0.10162333655490043,-0.08903234560929289,-0.3247216312304037,-3.1501498491796727,0.10780085576409139,0.20334438219577175,-0.1739141130261761,0.0006553263145128953,-0.022905046550065842,-0.0972961227454194,0.027306403806281583,0.11489769463405039,-0.2049260420462815,0.34004041835398985,-0.20591436636200405,0.014218130762519774,0.4953841479393105,-0.016070149957731827,0.07592000221683683,-0.02946973712484939,-0.06251021138111716,0.23816706764843468,-0.0822975075698445,0.13009499981425293,0.06565638160658363,0.5613386920838273,-0.07112093431929331,0.04632374618285374,-0.006625804401079371,0.14237695522901397,0.21339406342921804,-0.459399150195691,-0.2746377752046101,0.25676557730424077,0.012203877661243633,0.06193182635286899,-0.06668851642681235,0.027484973717149194,-0.10950109544879923,0.1973446359860309,0.27635825445240825
9,65,9_65,0.0303796167121973,0.11171830444013685,0.1871401536547223,-0.37869629226019225,-0.06480188545112203,0.08190238204968306,0.353793426257808,0.06566869010827012,0.24935824444472063,-0.07545691947225572,-0.10633726939899711,-0.28180586073426456,-3.1052733582209764,0.06034337553930113,0.21196099243323674,-0.1705804293193453,0.033960785705414484,-0.04924628180092034,-0.10219892155288196,0.03547977216208611,0.11573712706870619,-0.14440326445297777,0.3573172210102401,-0.21900229709510638,-0.02478042248004955,0.45379994984392485,0.01278210117536544,0.041986614554681306,-0.07540840629348153,-0.03575038826244512,0.258605710669928,-0.07883882021334598,0.11072869651110434,0.040420461297451665,0.5222546650566221,-0.05356371308851048,0.03172134126941636,0.007597049724734653,0.11452492793531695,0.22521748301777533,-0.4298400803794706,-0.2505127358083742,0.24304337968398643,0.02062686125850078,0.04953715878413854,-0.056029994114551965,0.049165786189789985,-0.11092261820974783,0.20229775672854206,0.2394209892708596
9,66,9_66,-0.01634903896177898,0.083536618503092,0.1981166924648121,-0.3584367662882633,-0.047607734143083225,0.0783314731744481,0.39572974390571386,0.07116142459981739,0.2949832359533221,-0.1061380244967387,-0.1205293494036177,-0.2865690033059574,-3.1953858360112144,0.08867729952719679,0.20494579571875468,-0.1803107608374369,0.002240057887254859,-0.047599745493904826,-0.0813431846551185,0.01912345578487822,0.12142030966783063,-0.2432608860980371,0.3362702167602993,-0.20978443953962395,0.008133554090779248,0.4842148908755655,0.004683788296290867,0.11284181755036116,-0.04167121706493601,-0.07963252148219123,0.24890136930653106,-0.08305784573497103,0.09812729434812066,0.08975889155471181,0.5335379187285686,-0.09340879755938868,0.06430704937577783,0.014951735014672117,0.12054490878601833,0.23530216832986947,-0.44482137174379055,-0.2504156808965176,0.2533165021705702,0.02603505913288795,0.05981054318157567,-0.04494927266090036,0.05537263714212576,-0.11713203258993332,0.21227346556830695,0.2920510498739833
9,67,9_67,-0.0023718809789937474,0.06175514559524701,0.2081819466760625,-0.3880514699115377,-0.02225473483963667,0.05912636945469548,0.38179812113875927,0.07614732782012257,0.29086087708078,-0.09664230705036417,-0.09422948612305133,-0.2694062707905212,-3.1670693926189255,0.0939715384627166,0.19732213873914747,-0.18405773271604076,-0.004455383057179658,-0.039467429312998834,-0.11122662263768017,0.08710825278464218,0.11394472245238317,-0.18149773348426526,0.38093545901913034,-0.23632398925610293,-0.0068990103551186625,0.4467884605993395,-0.020409740738408722,0.09803648896353401,-0.058703348170156065,-0.05672815433986809,0.26351677017367403,-0.08576810864083793,0.12029807144047125,0.06660703336516315,0.5621976677166379,-0.10159976377718799,0.0638261517206126,0.0038146118128560887,0.11945313973878713,0.2524787141415088,-0.47945941774093587,-0.26648300630040467,0.27206980127679264,0.03534758810925743,0.06483792387677924,-0.04962741413011985,0.033584005448400324,-0.1324751266237834,0.2182891099754235,0.23534320035200243
9,68,9_68,-0.021170301419971067,0.10258056021162441,0.20130157876604546,-0.39404065186778703,-0.06809611077021276,0.042617303091156786,0.3743187512315455,0.06636540227835731,0.26673496974454747,-0.09619015050508703,-0.09743456047117001,-0.31811304524806994,-3.206117545990717,0.10696573222854308,0.2202400392808375,-0.16800447975152305,-0.007534396157245196,-0.015863521771860265,-0.08172399422730364,-0.005910719988778943,0.140163525157342,-0.2157528929855852,0.3440178491707359,-0.22235981775891214,0.01933439353347889,0.4730754213673728,0.011711932280810461,0.0791726493675794,-0.00799468607098485,-0.06736480659317402,0.2787126720217722,-0.06710363335996157,0.1296507956105329,0.10311773159801738,0.6010888941231228,-0.06717565848181645,0.07919524118104683,-0.005629668065479824,0.10573271647638952,0.24998862565095936,-0.4604186126873607,-0.3263268403864155,0.2484750633438428,0.04886726800635058,0.06699880041802923,-0.07304979712657986,0.013683112085397754,-0.1329595872999302,0.2362120377282346,0.3178557352650733
9,69,9_69,0.017928553696418572,0.1123353273893414,0.21501025799012116,-0.4100781481626422,-0.035005231969989836,0.06003076864709688,0.36906978619409464,0.07379542361961158,0.2585644472130171,-0.11797163805174425,-0.09720008631864953,-0.3251047350796546,-3.018420183381369,0.1085450277795073,0.1932757885065363,-0.16809199094165897,-0.005880079479538836,-0.019329074347868215,-0.06818069099600232,0.07564171080745181,0.16197735144550976,-0.21740067952724043,0.34602695543232354,-0.2477601352436258,0.022469567495728517,0.42302608536014896,0.019410495608395268,0.09481881278618455,-0.07308922197972965,-0.019908790921976487,0.2759816294460189,-0.10644091328952549,0.12411349738926389,0.0538078214280134,0.5933853916304056,-0.12420766462766847,0.07188304216459412,0.00256114729225289,0.09178722299483799,0.2316954996393517,-0.4511245644846281,-0.27054048031785116,0.25313544167790475,0.021948959299384854,0.026662196782634182,-0.01867377359506696,0.009923917344273177,-0.15050785908702935,0.1865356221353787,0.2501145351981354
9,70,9_70,-0.02150049080329511,0.07805390299380391,0.18547627375803039,-0.38152294714428203,-0.017043846604838684,0.04483318294669631,0.3631313609643073,0.07488751274097381,0.27284618767709296,-0.13231393760305982,-0.08088301531263167,-0.2883216489955217,-3.158406948741478,0.09477539239687068,0.24592164036216616,-0.16095610384982598,0.0029569956580106217,-0.009834168290224257,-0.054025428699730316,0.0343120541553237,0.10526387732994708,-0.26752149813537357,0.3177482553527844,-0.2681362852807852,0.031108964941924132,0.42804369537890713,0.013769844434919614,0.11421660387861289,-0.030393328847764415,-0.04602928609363263,0.2834332293795445,-0.06431817362262555,0.07845155371550494,0.09805093937305899,0.6030018328205694,-0.10772654787148055,0.06497065982150645,0.004906033827404527,0.10276381758961213,0.23436677939246728,-0.4949929035162624,-0.3092298591155795,0.2836305566745091,0.06330716371671827,0.0747000031155546,-0.0534729805857509,0.022227983061177067,-0.18138218054082245,0.19372098816299363,0.25023955008887416
9,71,9_71,-0.011516767306435296,0.1199497068086746,0.18255641845579462,-0.3481574213217901,-0.009293799706060311,0.06952638443473769,0.3960185359478339,0.09661838987135682,0.29596211204583617,-0.08141546859138313,-0.11593784296539901,-0.3148661640783151,-3.219297296699436,0.0724998594826387,0.17350747709258876,-0.16089534659129995,-0.028873629474627047,-0.028784745771587752,-0.10227277461739107,0.030574850074347407,0.15671613765345221,-0.2538172908277176,0.31940636307204506,-0.17092197537208084,0.028074550461131095,0.4464310472938179,-0.01926134654652627,0.07666778116722474,-0.02571854365978861,-0.04094815289537455,0.2403271019849498,-0.09046638576279062,0.12337771445598411,0.09977134347133253,0.5680094279091934,-0.08160216136749876,0.07966003587854834,-0.022938110813466382,0.08253573720482574,0.23508715153211493,-0.4802885304858116,-0.22063550979284377,0.268221763645074,0.02676033341906558,0.06218312101588509,-0.04183461983292096,0.044604942191863194,-0.12350636951882264,0.2194913626165429,0.3399919401747228
9,72,9_72,-0.005573507551401905,0.20271286105284222,0.12816059130888718,-0.3888085121595925,-0.03381600471694473,0.06881245966600305,0.35448445265621437,0.07452801230061636,0.23621893561173968,-0.02941095027407365,-0.08739778665559632,-0.299701464183342,-3.155108238314534,0.13328916213608213,0.16214268886903813,-0.1602105050319601,0.001016672060998914,-0.06322440945870847,-0.09562680945005063,0.051559167567405154,0.08996840969372827,-0.10536422803588621,0.32590523594478654,-0.17262102447700903,0.05204020766749246,0.47037802020005964,-0.00879689756330553,0.0767930903328726,-0.058976978077655555,0.014555693281671176,0.2069589647817538,-0.08219571846567995,0.11970293598126742,0.07527371252129612,0.48340336816733354,-0.048982089231875574,0.01972974685870193,-0.009932890255515883,0.07782616066889694,0.18911855997374424,-0.45723255357326387,-0.3067092138884978,0.21143862507868927,0.015081801764209049,0.09140052390540694,-0.03777151078159747,0.07233431462485057,-0.10353172560232682,0.13651778595905834,0.25740432466513347
9,73,9_73,-0.00792029639085134,0.12331486696687838,0.18882786626423087,-0.3403689287851254,-0.043906121362621585,0.052563693060850104,0.3618166248003642,0.08548747409911206,0.26820497019216416,-0.06528491409185032,-0.1422945350408554,-0.24826361709584793,-3.133110771179199,0.09671789535631736,0.16343031213308373,-0.185481276003023,0.01961339668681224,-0.0388929274585098,-0.13599740426987408,0.10423822474767803,0.1071477988238136,-0.1631896020534138,0.3648888311131547,-0.171594629958272,-0.005080337917121748,0.4428986701377047,0.026319532602404553,0.08010572988850374,-0.04384469031123445,-0.012510277933130661,0.2673566006372372,-0.07132263066867987,0.11821901026492318,0.08310874294179181,0.5400241569491724,-0.11540984936174936,0.03996605115632216,0.0025987849860878974,0.11584096086521943,0.2580785690434277,-0.48406798460831246,-0.2335434465482831,0.24274416714906694,0.018307196851819755,0.04792809588213762,-0.048869873906175296,0.0742831851510952,-0.11629521621041931,0.2034998941545685,0.23386611161132653
9,74,9_74,0.04692614345023265,0.12202593749389053,0.2081289514612693,-0.4058074250817299,-0.03199134353154267,0.0823762539586124,0.30457349164912906,0.05408391974252971,0.25324614664826256,-0.08307341224370668,-0.10145086528590093,-0.3448272395449189,-3.1008495615078853,0.12660958368975955,0.16679745716615937,-0.2177628463037903,0.005239244389276092,-0.007977025242199978,-0.19368361212814655,0.08824924975633622,0.12110236851283564,-0.1649868098105519,0.3903617500399168,-0.231050229919996,0.0026323293689459277,0.40353449110228284,0.030928911000060347,0.003854894215384355,-0.04504811921147988,0.034607584843447864,0.3555749451240095,-0.0976672468169664,0.15758405270619102,0.08047199227775519,0.5834429166637934,-0.12720268964767456,0.04823573154236118,0.0030064777681568207,0.12604759036061855,0.30064666667380013,-0.4844994920449188,-0.22412885651529696,0.23577322424613298,0.01755024832046519,0.08850128165213392,-0.02889414083463355,0.005716710421256721,-0.1649106415418478,0.20583368921204684,0.26718278913400495
9,75,9_75,-0.0075157386117747855,0.07377776619545849,0.20662916861474515,-0.4065453258263213,-0.036182703539463026,0.03866038500198296,0.3215630138665438,0.051253305093518324,0.28350336314312047,-0.14328651329103326,-0.09980874271364883,-0.3079146677807772,-3.1459281066485816,0.11283440715766378,0.21941347481283757,-0.18746484819400525,-0.013062274498432608,-0.02872948849606993,-0.12906033425724933,0.03753221150221569,0.10727259031629988,-0.22447937176562846,0.3600461309529575,-0.2537420588884769,0.00874991083151794,0.4238350091448852,-0.01580969422357157,0.08164419697065438,-0.03388349490838924,-0.021348585498386197,0.3095046898000874,-0.0653631645653929,0.12496539009468896,0.07364139438906152,0.5802551867812872,-0.10724604334299719,0.05736126750375011,0.01248478257097304,0.1089384579781576,0.2517790725241814,-0.48337324126756614,-0.27089914900949225,0.230135352291067,0.042534117851339814,0.06784129178151488,-0.02122418210309531,0.028681212403878036,-0.14482935844521438,0.2289694881984698,0.2937773723226357
9,76,9_76,0.00033739134977874626,0.08640713456292996,0.20869277255519866,-0.42856912529769253,0.0033962230781213864,0.06875818483924201,0.34870652306869804,0.08346523178800244,0.2555258478155831,-0.14095073283077722,-0.06560516927067993,-0.2659843946641931,-3.0944246865180602,0.11766929676649665,0.2735265710682844,-0.20886468673854258,0.0050187715629385,-0.00290406059266169,-0.06572947506961155,0.006591301871441215,0.13472569257607234,-0.24684920699436622,0.38299011175796155,-0.30892978637782204,0.01497361104211669,0.43661755975896877,0.00252341647795121,0.08171872597423394,-0.07553417059657422,-0.021099499746573616,0.2849640498689589,-0.11488377159960703,0.10883652008663167,0.05770912047556927,0.634956687441971,-0.10648155503861427,0.09715067351051797,-0.02610627954113241,0.1130737576532705,0.23756962045129523,-0.5059100689214979,-0.2985004435871245,0.19928902295468576,0.05861727696217888,0.03474377579524193,-0.0034513216779892704,0.009908195777167847,-0.12985981331790336,0.21756555026969368,0.2901115954898477
9,77,9_77,-0.006630291506572038,0.11732894653093298,0.17917693964186676,-0.3628481365407684,-0.07140192085145307,0.0766152081980218,0.3058708494407961,0.08944377149467128,0.2286971319604627,-0.10267297570042465,-0.07383431865814694,-0.23148323083771583,-3.160215883838887,0.061065493488912374,0.21330735948868096,-0.1878656943860863,-0.000543880556729071,-0.036940102373981584,-0.09138490928203932,0.03948303299768334,0.1079811622669008,-0.15679687216440785,0.32469169587391067,-0.20494428324710331,-0.008509073735509371,0.4377013216821515,-0.0009005096745772325,0.08734119132788358,-0.048351396620036007,-0.07249730995057949,0.2499183502466399,-0.05009752402215132,0.107121552908508,0.056959694499691606,0.5849993001593619,-0.03343123648249145,0.06986206539725999,0.001916701482532888,0.11013878617739799,0.23657924944667943,-0.43448305838950435,-0.28354882393792574,0.28699561864213674,0.04343778254792132,0.04040112982656122,-0.07057127689857189,0.03903317537006675,-0.12104123893517013,0.23778419732591327,0.2440738809717895
9,78,9_78,-0.05013319369007756,0.07617274043771127,0.15606307615836462,-0.3909564580395818,-0.07940826049423777,0.04336284798453562,0.38597642139842114,0.07706789615078985,0.2984228982949086,-0.10844721868323783,-0.13753308238228784,-0.2402469213710477,-3.2317455116907756,0.07115472939486304,0.21857875822267184,-0.17628174990105133,0.003118937152127425,-0.09127444262810362,-0.10717037893210848,0.019718990401985746,0.12073373781439538,-0.1533288214293619,0.32849275105409714,-0.2003890819599231,-0.026496733413853994,0.46679407585412264,-0.024195851692929864,0.07935841809220923,-0.04018386778887361,-0.0837093324881668,0.2571188340522349,-0.009673579270020128,0.08790468704149437,0.0540077754513671,0.4749337870837189,-0.03410689838153,0.027509068002691494,0.022554901247300828,0.11267552461940795,0.2257110003521666,-0.37600421437217546,-0.28158988121896983,0.2270103047663967,0.023442359658268592,0.0517903831290702,-0.07129542654069762,0.07112470970799525,-0.0734896334654574,0.20915715352476885,0.3029994982671148
9,79,9_79,-0.036832994732671626,0.10100651530396695,0.17218484513712332,-0.3489931303804788,-0.06435158806524645,0.06600480139231643,0.37259095794377994,0.061492199681920164,0.3099934901640667,-0.09006810701416376,-0.1318517828700491,-0.25599500260283,-3.246381102464138,0.04930110931663643,0.18471255179237908,-0.15483407874200614,-0.024026039201625958,-0.094066019983401,-0.10867924527086031,-0.026340069025396727,0.11382782173593743,-0.12888631382091448,0.33266077171682784,-0.1665723433953901,-0.01781944775892696,0.4777782048436049,-0.030094191208123587,0.0838449738422731,-0.04549366467854737,-0.05917640413136747,0.2526642741659322,-0.020636413591161657,0.10660165699338019,0.06613242729648706,0.5164480227977037,-0.060522901431585736,0.019113176670940354,0.007952043837763201,0.12050287659029635,0.21017141568937894,-0.39463126774017626,-0.2802685586831126,0.25052810343913734,0.004390757476078131,0.06597698825405529,-0.11911888290136957,0.05594522894795936,-0.07738652334023172,0.2626293486794636,0.2600165868972022
9,80,9_80,-0.04926235318338167,0.06295761241631086,0.1562665116671827,-0.37980224357837916,-0.05060348474203489,0.08335390896822091,0.346726327548532,0.07661081854528262,0.29491820088030624,-0.09273388136201109,-0.11382419038335422,-0.24074024360118423,-3.1621836639620775,0.06857106941994966,0.2043755383479289,-0.18272713387522138,-0.0017139897024704635,-0.05231765392907764,-0.09001083344655351,0.013791288597726383,0.10466023339987075,-0.1553676043511397,0.35121733726550786,-0.20411094824749224,-0.0357193788240358,0.45171233741109446,-0.0026158631953876466,0.08644525847037786,-0.0669481428925725,-0.05392874374220068,0.2908475907530887,-0.05171684259005988,0.11078788969162966,0.05959998903527536,0.5399237033208272,-0.05672219206603223,0.036778701595002156,0.026852803204088626,0.1401452167053204,0.23441606598971926,-0.40236691042118095,-0.26379842820764443,0.26952738518843805,0.019238209366895534,0.03541452051683163,-0.07087353945486934,0.0415000382859397,-0.0715693427500475,0.26662008831723155,0.2629542081913928
9,81,9_81,-0.03568816671072519,0.08062114266836097,0.1842303630866399,-0.35685490766986155,-0.04164955407236769,0.07278969652727771,0.38554534651043915,0.08038572915239443,0.2700203190734741,-0.07549693820666863,-0.10663457104155767,-0.2414893498332699,-3.2266571580524177,0.0741909222224806,0.17246537764054973,-0.1644992386253262,-0.019530010317832653,-0.08134879271293216,-0.11758163493802168,0.004975257434842872,0.11596334803665817,-0.14889511480455248,0.34693023867547595,-0.18980692626177137,-0.023998128157191004,0.4789554165531947,-0.0074385150588235594,0.08711629305452988,-0.041355294882136226,-0.07089825291645674,0.2705158446007106,-0.04602437219779256,0.1272888514629326,0.06487958001884514,0.5258858971409237,-0.03773519186578481,0.0399324460328937,-0.0031659797041612993,0.1258041624645506,0.26759685347312534,-0.42164751396081607,-0.2611692521990028,0.2723291956608079,0.031763716885622455,0.056773164574775034,-0.05025435149879523,0.06871728023389538,-0.09920067937542934,0.220145438023856,0.25060927674615374
9,82,9_82,-0.06677274778769238,0.052852720217646774,0.20993161184440662,-0.36621487758129956,-0.04656238883904823,0.07225122684101778,0.40804006095703055,0.09981914638537853,0.32517100879742683,-0.09877613256496143,-0.14334954562733268,-0.2152117256290938,-3.299251226874871,0.050329658560591135,0.20033607249170904,-0.16033528942228636,-0.01991013769908407,-0.0950936252039259,-0.1186335743707794,0.0023756823294258456,0.09613299930877076,-0.21072483668103814,0.30338810029916646,-0.21400839211920852,-0.02414540563117546,0.4421701607922834,-0.05830384112523757,0.10497513361852777,-0.052895555121263836,-0.08982168766764576,0.2292639465427132,-0.013202196600415357,0.04985702293380769,0.06585716157848757,0.4767190501760177,-0.054431062373446255,0.04228582340638093,0.007530249702570036,0.15496911473829694,0.23312243886625136,-0.42627373757976583,-0.2936667186715375,0.25579622147862263,0.04583929286232385,0.027436723872050036,-0.03052532964015031,0.08109627796973033,-0.0792615608997431,0.2540237449934873,0.31034591266832395
9,83,9_83,-0.035651687221335514,0.06560311796675836,0.1860267855306821,-0.3539809115843049,-0.047228678854714545,0.06359765882221316,0.3740940822554486,0.08324249137991241,0.29828191188829284,-0.0804251860880426,-0.12385160765311282,-0.22873211762568516,-3.219054410798209,0.028330419212912343,0.20593346908904744,-0.18882993209109242,0.00012845257031066077,-0.08019423667873656,-0.08534383737282561,-0.017269517510597195,0.08598053692939825,-0.17408711782057903,0.3222131024141397,-0.187161503398924,-0.015770180653780698,0.4485500173483576,-0.036960458654378144,0.09288678512243288,-0.05946910871525428,-0.08842473408606435,0.24003176860644349,-0.023411402058388507,0.08705227362125048,0.05242468743219173,0.4602835958238159,-0.040270149099108365,0.020813638641099846,-0.009829198732290285,0.1326731594465673,0.20797901691070625,-0.44373801496412074,-0.2747889028010624,0.2572690093484042,0.009071297285097119,0.029841645735182932,-0.054614628674462436,0.07048338527824463,-0.06399971003976783,0.2334427301559065,0.2831426726547735
9,84,9_84,-0.04269161870284281,0.07358736256013497,0.19072264493663504,-0.36941643703464394,-0.066477818298498,0.06931847496751763,0.3678776886473966,0.09809068244738647,0.30185544478690485,-0.08853498015335083,-0.11368411376083148,-0.257007915034791,-3.287357125056566,0.0611027061734996,0.24465326282069,-0.21362099238566656,-0.019165514093843018,-0.08531092527355535,-0.09114284577680277,-0.005939242691793562,0.10209433538129707,-0.19354882979760024,0.34518248920491484,-0.22092913968499595,0.004425939511419577,0.40241998343689905,-0.04965562317740811,0.11701333953739976,-0.05297795660327431,-0.09561831468010884,0.22903013249208942,-0.03509033518325339,0.08382109287768373,0.0893684482449833,0.5224360041540755,-0.06718229682228842,0.028028811771731228,0.008834348652600008,0.13040899351988672,0.26064148777269225,-0.4717809625683606,-0.2915802251729431,0.24934860754251129,0.05088145073748486,0.04301966777238058,-0.053052915971086925,0.08967910282632072,-0.08344086772106456,0.24514238904064972,0.27337395577600565
9,85,9_85,-0.04458272511282277,0.061231053155011386,0.17364808591657582,-0.3908051191532118,-0.040208960195037745,0.05052444745629351,0.38726206205654967,0.059505513039946466,0.2902755740782775,-0.09300260528424562,-0.09728860208518428,-0.2548089510504417,-3.2293826442196534,0.054563184478607626,0.2012739290019551,-0.16039205844009366,0.01299098586671269,-0.08243732279039744,-0.11223964854967569,0.020645067735801263,0.08957033685455003,-0.17816270666710513,0.3629079380948403,-0.20098789169768316,-0.022699583140958806,0.45456346874259446,-0.025459221717058354,0.12168920602565134,-0.0679271973567965,-0.06785038711671783,0.2678181886564703,-0.0291591157155579,0.09905358123757835,0.09366316730233193,0.513035769325225,-0.07302807004587655,0.01580500657911654,0.006967193228595051,0.13684359757941592,0.25609699475297265,-0.403054858228276,-0.27249844863947575,0.2542925682175165,0.024127484517940417,0.0565629671926614,-0.02996183017943315,0.08420621819215456,-0.07217003986787496,0.23738631165687976,0.29180321866769054
9,86,9_86,-0.04621806548319149,0.08890124838989304,0.1732933996352177,-0.3809150132322114,-0.045956372740151054,0.04488094470211856,0.39781546878286317,0.07494627582550771,0.3046099493750466,-0.06594947103128236,-0.12244677747782719,-0.24091713513575533,-3.2864639752981613,0.027796129065772758,0.19664742765079218,-0.13792096131228204,-0.021144642637762223,-0.08845023866932915,-0.12860489206813866,-0.011675101793988854,0.0909506894576949,-0.20200207966114916,0.32671398582763744,-0.17996341994980217,-0.02822110552355001,0.4379813686436118,-0.011145695399823219,0.10615511592186522,-0.051562943299804646,-0.0996873774610303,0.2546081880335601,-0.01880003585674971,0.08881405392888582,0.09949598464002947,0.49678552389258934,-0.04730956186286137,0.032889880453787594,0.01846504016192535,0.12061014661698469,0.25406770141170437,-0.4424804813865268,-0.2766535209930782,0.26498441880064594,0.0416347960224589,0.05747251823896124,-0.06131468453665492,0.09346577624403705,-0.08498966918927997,0.22794585718835078,0.31498816452845596
9,87,9_87,-0.03121464298407276,0.07751154712033996,0.18063408303964118,-0.38476008012059676,-0.06536182098227936,0.030531018361107706,0.39049024964901674,0.08122641146201566,0.33224936537964056,-0.07079315200179956,-0.12357783759318003,-0.2644610855064218,-3.264633424253578,0.035338653406787816,0.20257970741931422,-0.15131216472551873,-0.015264323379183967,-0.10078514663992354,-0.11494629852718045,-0.0056592313262246235,0.11261411425722503,-0.20151298985616173,0.32212493907167683,-0.18263275433420778,-0.02248120413925239,0.44911865242367305,-0.024449843922505883,0.09871802183497276,-0.05428477900336493,-0.12760027860795922,0.22648361653638668,0.0008571263213931357,0.10250517715416121,0.09316150996944425,0.49664818809787,-0.06111531405671652,0.03893467520868714,0.030934773340999366,0.13668741795744105,0.22610729088286954,-0.41991162506967367,-0.30098202104209015,0.2640679248597517,0.027962448346160493,0.03870304395162697,-0.0639735923540144,0.084957946712115,-0.06755556196783227,0.25381284102378227,0.30053201121689965
9,88,9_88,-0.04584585548145696,0.06512192730885,0.17989340187981726,-0.38331662297993896,-0.05171826614881866,0.0422488976647146,0.38991234720498325,0.06456392349023372,0.2921161819268018,-0.08457666558679193,-0.11465832161682192,-0.22666717431414873,-3.306222864151001,0.02253904422093183,0.18979857609048487,-0.15033541350066662,-0.037299307916197,-0.10798101212941401,-0.1267870571378153,-0.03865272847074084,0.10116059046890587,-0.16640482738497667,0.324418764250353,-0.1786094402796589,-0.030535246647079475,0.47473408532049505,0.008192506870254874,0.10115772795071826,-0.07481510834983783,-0.10219359933026136,0.24351268137147417,-0.007864074979472207,0.09139084788924083,0.10241475172410719,0.4691118973456323,-0.03280576900206506,0.035818203198723496,0.03219581673434004,0.12559171800501645,0.23599421559771144,-0.3953894139034674,-0.27662967057462085,0.25286010493524375,0.025463162074331195,0.05564959330763668,-0.07777796872984619,0.10385254322062247,-0.056629966690205036,0.2394112354889512,0.2866645808033645
9,89,9_89,-0.03479737032515307,0.08160393107443666,0.18401150202814442,-0.3722451660113457,-0.03968672289405591,0.05728418273039353,0.3677383575636225,0.042899819286778954,0.27824777845735066,-0.09710661031388623,-0.09321927185415123,-0.26562931910157206,-3.192216392052479,0.04139368280243033,0.2012727589465869,-0.15568227267895754,0.006728793601415908,-0.06264883109505694,-0.11601200675269445,0.00132788165878409,0.09438772482158712,-0.15666531211404033,0.3264633505605161,-0.17832237471235343,-0.0296825458448625,0.4756613851357729,-0.018143168821310004,0.08794929618747212,-0.05277809359286972,-0.06729258583524288,0.2400816413669441,-0.040757260501432496,0.12172408016444816,0.08756084267336589,0.5043175813861382,-0.032535570021121736,0.059623197060770905,0.011108834016321895,0.1187295185521436,0.23460919477093295,-0.4035884552181531,-0.2662043625315747,0.24159634197847202,0.01473598531820477,0.0648346509402379,-0.07117723690059323,0.06712221502063748,-0.0645010461539548,0.22208814970217644,0.28167854870180004
9,90,9_90,-0.01781442499342413,0.034083631150386,0.15470301147842827,-0.37756368142652735,-0.10991673648991422,0.06404394978630426,0.2862547854469581,0.02253802708077845,0.22211627116184374,-0.12258782405884887,-0.06495538841613592,-0.22400411704847636,-3.0046934032243144,0.050417482083909164,0.24565508079615014,-0.2181339559365595,0.005652889009942262,-0.046494838371675666,-0.09974767711814031,-0.0031680903803510975,0.10071158052470452,-0.12156751452924007,0.3777145933627328,-0.23497085107013213,-0.05514582378856168,0.49112708475017414,0.047957069362938975,0.07886927136920455,-0.11867271685464816,-0.08811987755968802,0.288770075943244,-0.05588834046858578,0.15323758031980497,-0.0011188207890055228,0.49813692263242876,-0.014848612666453334,0.028578628273344068,0.060501031023411714,0.12619424359449607,0.2711205377189581,-0.34068271988033016,-0.32543169630283475,0.26005779455939293,0.04120310289751111,0.02730951346634995,-0.0973504248615412,0.037471873182534005,-0.05934527138833049,0.2766171088273236,0.2196567009324843
9,91,9_91,-0.046953112600021996,0.03266886218993059,0.16243636877564493,-0.37070690860238037,-0.06715237034401646,0.026845511192836492,0.3433005289779819,0.05802088011971829,0.29979910868238063,-0.09256860436652144,-0.10572577836713205,-0.23608624663142022,-3.138556880180282,0.01241175865367218,0.23884675839699504,-0.16207510880069173,0.003907852748531208,-0.12333530725194737,-0.08085146778160651,-0.011819900768834107,0.03883723926940942,-0.17617590127431282,0.3357667987335235,-0.22661312598216124,-0.03754982798952801,0.49022472349406293,-0.04668823403362357,0.08451751861580167,-0.09347600937328655,-0.13789523969583137,0.2213732307990041,-0.0066910659945695365,0.11933588954837215,0.012258655984293331,0.45164706767301516,-0.008493454434465215,-0.007764860083778649,0.04133340208848032,0.13789458311655203,0.20529402014979722,-0.35042777919031753,-0.30021085332927605,0.27603732338190856,0.027448475988415582,0.025440164042679084,-0.052769666803202685,0.1009419997309347,-0.04221733789483355,0.2720347917601972,0.26951981786762363
9,92,9_92,-0.0451040023568231,0.027696536551003608,0.18688436862628327,-0.34917093208285715,-0.05033266875391049,0.06588810628228617,0.38692203754993176,0.04686213402954626,0.289396508254373,-0.11647459758820526,-0.08159611167530846,-0.22210315533391498,-3.19479502231172,0.04447572840630863,0.23790456757550715,-0.12203586832574993,0.018633813921642463,-0.08795571020538455,-0.08677670025623864,-0.00754981095765862,0.06958358154916973,-0.16497449293177127,0.3198429395815412,-0.22486420857801453,-0.04459938692670424,0.5176787118617336,-0.07318326544968266,0.08261151181294321,-0.059869162327478846,-0.11096486296545424,0.21767895667417003,-0.02074175387580237,0.09699207055438942,0.032160716294084936,0.5097463347732081,-0.04026755508039943,0.009898566510440732,0.03423909657861974,0.15061247353306384,0.19351406150850134,-0.3602914733617811,-0.2855274909542132,0.28398880613199207,0.023865533416222745,0.05847790730960025,-0.07904868523897693,0.06305698038347843,-0.059852945110285924,0.260288256631929,0.2735263238710722
9,93,9_93,-0.05876937241008785,0.03611431866787721,0.1844000058017015,-0.37589423606471384,-0.059709964636737396,0.036903691498582,0.36086601112641087,0.06922904427713411,0.2890141273292573,-0.10057812938563178,-0.07862379216984725,-0.23991138428941833,-3.194532183167848,0.038959991812664976,0.2408531998462705,-0.15076368745329544,-0.00814706639391539,-0.0772356383642423,-0.07927445898606403,-0.044875598815390404,0.08444049739317457,-0.20373496036358912,0.305732447311398,-0.2139610774860925,-0.03804415955939306,0.511267669494095,-0.019003084904171644,0.0866584317071648,-0.06121439614376642,-0.14116564585158958,0.25906867777730863,-0.0026931580761688826,0.12477790659119814,0.059196371288362096,0.5216799443056855,-0.03883937030181366,0.04045143415107889,0.024014376705256652,0.12661671537876978,0.21238865034046722,-0.3958283037338116,-0.34102808501344617,0.2560445929248938,0.05482470270619037,0.03447410629077819,-0.06895188831119832,0.05704027078617509,-0.06211826308338464,0.2755832682867954,0.2854861134341725
9,94,9_94,-0.01272273176918841,0.06651934983001814,0.17193321540951728,-0.3437978158125447,-0.047924896859977806,0.07832073249103916,0.3970824657473713,0.06988987905490729,0.27779338411986826,-0.08789511558910211,-0.12772702294168994,-0.25965751422025884,-3.2583888191647,0.03466156590962782,0.20937182193621992,-0.1573092350172293,0.01432314055868321,-0.10227950791724855,-0.08802684494811627,-0.0006987901714940865,0.09337441482581198,-0.14914072788423963,0.3355968789673514,-0.1838872650757225,-0.048852491829958225,0.49511273574497966,-0.045856818129670705,0.09100314577524032,-0.0626459372157438,-0.10201264053531404,0.25686919258467644,-0.045455002937362425,0.08843809571375863,0.0769123222006278,0.46756194069360696,-0.03233151672071674,0.009204000665081872,0.0022789370708374513,0.13886130692644252,0.22018730534551045,-0.3642796905240458,-0.2517233658871717,0.27716532728919346,0.008205680322522918,0.03455831508950925,-0.07385460271228415,0.09749251740622437,-0.04144612403793468,0.22288123178425143,0.2603194141040634
9,95,9_95,-0.01221962452255592,0.053111525036406794,0.208556892477407,-0.349549260889241,-0.03324268753912328,0.04771190186744906,0.4161023495232841,0.08545149702352053,0.2831943455959495,-0.07259783081153172,-0.11762252218302494,-0.23804804672361005,-3.3103648731281665,0.021287412710684073,0.20553447113282913,-0.13552470007736828,0.0069319002330811555,-0.11133850346940598,-0.08657494440825257,-0.026633165214224982,0.08138921479095947,-0.17534185921179546,0.32574024415924724,-0.21044495419698755,-0.04254638060508499,0.5114870658754391,-0.04403529089497932,0.0698213256126896,-0.08211921968428199,-0.11054770142047393,0.23095977592269795,-0.011721437946917676,0.10246728736232137,0.0710043508021108,0.494700575109132,-0.03508604627458976,0.03353997571526022,0.013457224873610361,0.12834192740534714,0.19680910146750477,-0.40189558229364425,-0.2641797020861586,0.25424702439150126,0.0359314916571287,0.04168848946561435,-0.07668038253015615,0.10259903607255572,-0.04334472712052083,0.23431325649972762,0.29516919456243385
9,96,9_96,-0.02792032116891018,0.048885713837426875,0.1887050248735856,-0.3798755593154402,-0.06189657053688452,0.04145154458903042,0.39981649176528056,0.06113175598632855,0.28597105776092835,-0.08470276349856119,-0.10633038064659645,-0.25609959760664164,-3.2589511201495216,0.0357326903857202,0.20224146062059195,-0.12602357719636834,-0.007622629707302189,-0.09565657500587847,-0.10853180140450908,0.026089832214694027,0.11192266351232925,-0.15520116334720072,0.33692165942906976,-0.19844996966643347,-0.04877417467595521,0.5394854107162073,-0.051694939520564816,0.08210735476487094,-0.07845101499031963,-0.1049177364712315,0.23941095388172903,-0.039822222933261875,0.12203567768003615,0.0829936301502,0.5025728874618098,-0.02735117691890558,0.025452981431347627,0.013008764367190279,0.11241280887140116,0.21421280581326713,-0.3415709068618959,-0.28252086960156225,0.2881239857746377,0.03452477333790046,0.02811655327206522,-0.08062763781053946,0.08983520790934563,-0.0641217856571616,0.25077293096110226,0.29530469073804505
9,97,9_97,-0.011168122356135382,0.08324554328983913,0.19300834645483236,-0.3716112235768393,-0.027552376258062568,0.07088029427879947,0.39691192252176855,0.030393044736122275,0.2613713561372477,-0.09675476778871737,-0.10322251183599203,-0.23033200763224865,-3.2303270357340454,0.02636533970145701,0.20095427809961833,-0.16584429282047936,0.022999431242975914,-0.11357685427703643,-0.11391815939458155,0.00020698918433113378,0.07603790629692828,-0.1177850307459351,0.3396766170339003,-0.20282510221749167,-0.012916370454576859,0.5056701231416059,-0.07417309107065675,0.07338529561084473,-0.07669178256505783,-0.07300240261506606,0.21856068386055288,-0.019227357294697028,0.1006383652957194,0.04438302884922789,0.448312183695012,-0.003519897360490401,-0.0029057579271510423,0.009440440388569827,0.1437977779250609,0.22340750906485424,-0.33999357488089305,-0.2372199387441819,0.26850037497132717,0.004260723362720985,0.07114576421294413,-0.053742840303538646,0.09860969898017569,-0.0532873901853155,0.19734659467857738,0.28517902539552825
9,98,9_98,-0.0037294969383438476,0.08704369264202849,0.1949486086351243,-0.3706350448979613,-0.018440665409168278,0.06152818407823432,0.3704027859448437,0.04502818341484123,0.26583576193261965,-0.09232244293054785,-0.0918490559443241,-0.280434273320305,-3.2136679502094494,0.05068204209755945,0.21243574378775734,-0.15447117317942718,0.018866174551506156,-0.08396553631781203,-0.12363114281027925,-0.01576358707487778,0.10707119644640069,-0.14434051512197663,0.3446155619606668,-0.2066615699627589,-0.008961702267079328,0.48225612227585823,-0.0542085577415765,0.08126813564286434,-0.05051288617511578,-0.059329242661619694,0.2349268093490608,-0.020047355952651356,0.12456210439943319,0.06342678324846715,0.48591024669045524,-0.016076788436109733,0.029917805945634646,0.016162053890439933,0.12486307514436525,0.22633472880522806,-0.37605156486220903,-0.270026307480008,0.26695618204608124,0.02783552270909175,0.04926192573385064,-0.051592761268337055,0.06565085194093401,-0.06853752879724911,0.22443815504674028,0.2900771660200667
9,99,9_99,-0.03449995076482403,0.03868877136110849,0.20499871154675287,-0.37153318040894673,-0.04377694092382786,0.06430284710149863,0.4233720378101091,0.06258120390086654,0.3196303799366647,-0.10702299643547603,-0.1012999667399152,-0.228212952096724,-3.2772383823114284,0.01166685963398777,0.2456446722827797,-0.16018549268106547,0.015878922935457118,-0.11597749567933052,-0.06280923469204187,-0.01274586650855353,0.06706680977140958,-0.17318202040760833,0.3377395324785646,-0.23239468803101987,-0.011503198325996944,0.5372210595208933,-0.08263875687304843,0.09884432928464615,-0.08969670126611805,-0.13127307813641997,0.2062810245271334,0.004334409161032561,0.11932967026111917,0.06518033370782231,0.46684909840114414,-0.041355038551367164,-0.00028058299452395123,0.020386348363450345,0.13055634440345731,0.18347330968005254,-0.34451127788462843,-0.28279994651469786,0.2600864639533136,0.023054272012578782,0.047314013548277536,-0.06031280607156291,0.11913292900032556,-0.051400456765173554,0.22434825038996195,0.3295522922417149
9,100,9_100,-0.027148640406573995,0.0671945144036704,0.19665064785958214,-0.363605222431222,-0.047491940109444145,0.05509929569795275,0.40457589219500173,0.05841565016014127,0.31135997552591904,-0.07830764071481741,-0.09942615952521336,-0.23769438999404788,-3.244329231442313,0.022753214454806363,0.23417365712246313,-0.13453668339461616,0.00024680409943771435,-0.11070051640106347,-0.0869316343476148,-0.02320488299035551,0.10612364982409063,-0.18093005738267243,0.3292322041734984,-0.21302985789344592,-0.009778822870058622,0.513438317991055,-0.06503876187909256,0.074410213034001,-0.08330172562038947,-0.11888578012131512,0.22824666373941316,-0.004943593934856571,0.10113436164856213,0.07255345174102776,0.475051183674496,-0.03259899985223962,0.011228381185403135,0.016738034252184748,0.12408694562332087,0.19698461909503057,-0.3758258652533102,-0.281793710178279,0.24357125865318596,0.026165643820269525,0.03443164376638565,-0.05500888811199473,0.08319213714813224,-0.05699431411410183,0.22259790946973845,0.3096303757187844
9,101,9_101,-0.014962029293868303,0.07155481000469686,0.20363903841547046,-0.3779628598425916,-0.04456066833736259,0.06275253757776227,0.42726446339511315,0.0735192432567904,0.26993583805403126,-0.07965795999504431,-0.09250773179652848,-0.2617734831204871,-3.287411530315876,0.02670357368479017,0.19992424427729627,-0.12789205228570305,0.017193348919196674,-0.10573209854483138,-0.10660658768635282,-0.026516928889304837,0.09850959348433813,-0.17086305367411114,0.3060988852016938,-0.20026863326784222,-0.04387847771577071,0.5033917964824165,-0.04335000598487871,0.07619948151429222,-0.07165765233172958,-0.1260395410237834,0.21981623004151818,-0.01409869374280485,0.103639342757621,0.08452908045583171,0.5077453311067075,-0.014446132042212411,0.026585259438919213,-0.007535791786843523,0.132339817504059,0.2021928901470043,-0.3793095598501774,-0.2883686518956286,0.2639716660002402,0.03675240546156904,0.04233786832191981,-0.06937330289608022,0.08326186301928828,-0.05854028052369055,0.23425506066450907,0.31598543611186564
9,102,9_102,-0.1309023565706249,-0.05477273059549652,0.22740944178990186,-0.475187593793529,-0.04644113744656662,0.0013297588919567362,0.32138677884968064,0.06232129823068015,0.32678846577038023,-0.1900466701233319,-0.1388736835626981,-0.2798440607985804,-3.1563415541205297,0.0493232260381238,0.284004145629917,-0.21309509516326808,-0.02571734503388058,-0.06726022046675006,-0.08342319542529465,0.003622332659131277,0.09916831930308416,-0.24379599778263203,0.3710418219277419,-0.29186561969993274,0.020055304997249338,0.49718784448300857,-0.0739760429421512,0.13978647756482324,-0.00954186063955963,-0.12626106761235295,0.24009042637190978,0.022921965499011467,0.13382939136652058,0.11735943973108501,0.5324006031281784,-0.09903410279558422,0.06628263820650403,0.09506697110586272,0.17811561172530047,0.2419988617633538,-0.3938097645864324,-0.47774051257604083,0.27497611352731655,0.027117797194315885,-0.0075026950584598205,-0.04635831783254912,0.04973884697516436,-0.07434894393103492,0.34409193284673095,0.3621234888997824
9,103,9_103,-0.09232088906744364,-0.0435309705976368,0.2152190375247192,-0.4668947667509479,-0.04617493861035578,0.04333841442703661,0.27235591873708054,0.05304434344142085,0.279873644519386,-0.18138896233214305,-0.13242923844313179,-0.239546175558121,-3.0171230702130605,0.05611916827606724,0.2567951920635205,-0.2178396915036163,0.0034653990425661378,-0.05121774757811873,-0.09678184535468302,0.023197789025011063,0.08759650605751648,-0.1713455112000853,0.39060187368222393,-0.27959257770869245,0.04209705021898047,0.5212050577319843,-0.06475170365093327,0.11652743884105084,-0.029442858641492514,-0.09188183202459484,0.26295852443884515,0.013225787752136411,0.16501650615553282,0.06545063341311766,0.4937872281551808,-0.09206489111112981,0.07551766429590909,0.0917357420157243,0.1926868919631996,0.27626151172820906,-0.33676538238162224,-0.4458988542348617,0.2490445553134078,0.033753718577956254,0.006644070301793459,-0.025958251309784134,0.058907421090639255,-0.09491333761874983,0.3513457412147238,0.333022917420615
9,104,9_104,-0.0372041863510634,0.011643421805941955,0.20952789602012709,-0.4323449142761567,-0.039757769901792486,0.06053131252377321,0.29886687169330556,0.046712239274085195,0.22873310454035942,-0.12153691328110622,-0.09255008419646851,-0.23313146351499162,-3.0400287630869207,0.05615898198104514,0.22418462590321386,-0.17400759500045487,0.009141629816776903,-0.04566933829844058,-0.13580839467678316,0.02156000776356493,0.09919704803954521,-0.13441325786511196,0.38416720893912887,-0.23934077410929994,0.016805347078946445,0.5028467469460053,-0.017133715587842446,0.0802083149073867,-0.04819869227679389,-0.07981544832474138,0.2811737022011444,-0.02322604270029599,0.17515433760390273,0.04937093695516785,0.531569873583818,-0.04821385507437005,0.07711375559960613,0.04623347265139281,0.16363035463830608,0.2853223275918597,-0.3608762197569846,-0.38837046916760504,0.24253621596728234,0.0365020687080657,0.028068761062914192,-0.05881734845789378,0.0425035848252755,-0.0972149190850968,0.32042459773430015,0.27506562276293606
9,105,9_105,-0.0319077591670839,0.0372781563315035,0.19918307438526117,-0.4115899105659014,-0.044888931152132105,0.06193426428689288,0.30497110028772634,0.04901168787626577,0.21944751016677475,-0.10438092923390369,-0.08645951699174974,-0.23571369239705967,-3.0573120830975458,0.059660520441626994,0.2160112191648751,-0.1755276245796649,-0.003539738981192832,-0.04291081886797868,-0.1333037800606409,0.023962072824423124,0.10159162877617868,-0.1244538522186356,0.3730965938869808,-0.23180843486858937,0.0030012695651846174,0.4693582405964894,0.006949994495817574,0.07582128110156837,-0.05025104447691108,-0.07583714865861142,0.2849128223668706,-0.0436787424358286,0.1707390545869658,0.055520643559014426,0.5335356386119028,-0.045545094888925934,0.08022393618074168,0.034847486892012614,0.1354534454059241,0.2820623465838625,-0.3922771229224835,-0.35829656846159214,0.24417284998612238,0.03472108459793135,0.03142722274845604,-0.0608878060057778,0.04199059895681376,-0.09665178049150741,0.29575302239976836,0.2504229447657314
9,106,9_106,-0.027502811605601297,0.05592136413863822,0.198702475830868,-0.3917730622779077,-0.04076710520099673,0.058098662557045225,0.3201685596084219,0.056304144612912256,0.22156910352412315,-0.10219092928453821,-0.09777428343541351,-0.2488124418105848,-3.1139103334472544,0.0627450621711531,0.20419456051585597,-0.1556460393863547,0.005131925300362264,-0.0473179764788157,-0.13964851934854697,0.023265746534668237,0.10636616937983798,-0.12420015683968794,0.35596931615906974,-0.2169236906370642,-0.011558967065340523,0.47002440146757996,0.010723553585304715,0.06598865191652019,-0.03665308401474822,-0.07317894608921781,0.283774596378919,-0.0482483381950245,0.15550331804885362,0.05578835927139501,0.541023942186865,-0.03698437990154214,0.06259072695247328,0.022842666951678012,0.13067836370938993,0.2665946282660563,-0.4123894406618074,-0.3415821148558566,0.24880116336021066,0.03501632141553313,0.03725885306722973,-0.06804114893594097,0.04489526387768925,-0.10929060431724853,0.2658911559281186,0.2331996806898831
9,107,9_107,-0.04956692650851043,0.07962292144566728,0.1981747265005273,-0.3978927705811017,-0.0429100061556629,0.05098526415115755,0.2752623033963383,0.06161692817179644,0.2223904624098804,-0.1098570076881112,-0.09115084422068713,-0.2593515091604605,-3.013133556576249,0.07991496987204029,0.20656540667311352,-0.18056083087985092,-0.02423655130566863,-0.03141741688510521,-0.13343093556537067,0.03668195689393508,0.102982849287357,-0.11216071949848484,0.3591925842585293,-0.24027359805051304,0.0018174775235459024,0.46565392678005785,0.007815745691831492,0.07018732778377557,-0.04647708489505601,-0.07168216159855624,0.31657346627842753,-0.06446599188659873,0.15136041859016364,0.04988217403143659,0.5312980092815114,-0.027230368072926753,0.08832758054356322,0.02325974714641115,0.13611115262456583,0.2589796454179068,-0.3587785885828609,-0.35634231138978045,0.2335809733333957,0.04403240274537671,0.032269133019962065,-0.048303203261791806,0.03732210048031487,-0.13062422985103037,0.30291507098371623,0.2419250464282822
9,108,9_108,-0.031323023093018196,0.07931909828564533,0.21801984676843822,-0.3701217018352602,-0.04964812266153697,0.059572947024978125,0.3001872017410091,0.08468375212498613,0.1993165831145758,-0.0885876156681481,-0.06611692963322771,-0.23694903478169357,-3.0888230047727885,0.051199702775913444,0.1914934396655077,-0.17555815450418835,-0.01849502747491375,-0.05916842133218754,-0.1325035385361798,0.018338689474939815,0.08315439223087764,-0.09836892074587893,0.3365301907460502,-0.20074183506690396,-0.00918346280663888,0.4668029056947193,0.001884671982787993,0.04377045799198474,-0.07139548725302446,-0.10194695340572692,0.27610799345569476,-0.032408301542888866,0.13293798274931296,0.028485416049425977,0.5254953494132087,0.007856104971390488,0.0882648689197353,0.002779433903760536,0.12021196202388416,0.26252903797042865,-0.3894537403951411,-0.32785769616998267,0.2436661170334567,0.054209780825049916,0.0532261885058241,-0.05077609725128439,0.06429287410473374,-0.12874958385190552,0.2814552213192537,0.2120340160139936
9,109,9_109,-0.017370406078145932,0.07754205631654974,0.2052136294817123,-0.3988609765813257,-0.041039782419298475,0.04869694957441619,0.3148768391483725,0.0615695067746774,0.2288193594232029,-0.1077022426912111,-0.08752895576566352,-0.24605802482313194,-3.1387080004375973,0.04748220255355131,0.21108621490598994,-0.15424527178696368,0.008588687848663377,-0.05212773950417327,-0.12250834613166334,0.01774622438203418,0.09605752314399049,-0.13644243642593618,0.3171386919726665,-0.22526976604307636,-0.004378247405634539,0.44616821824922553,-0.005846494577801852,0.04063152919034212,-0.05352440858045606,-0.09387430138402002,0.2723384252379863,-0.05774188216604303,0.1243662040819953,0.044601469973345506,0.510350068319547,-0.019083868019131412,0.0711202657730201,0.01285429910875679,0.1319751556222216,0.23471049078845804,-0.4357378238140412,-0.3156609171399784,0.24186395022238533,0.0402831922890553,0.027224556246437714,-0.03384690488109187,0.06772718799324691,-0.11819864626436918,0.2472757825763959,0.23073020647214515
9,110,9_110,-0.03667414079155819,0.05832578727761386,0.2118304235227248,-0.3902272799359146,-0.041048356573698166,0.039027347628251406,0.3579330555850318,0.08967176484832264,0.23559885385825677,-0.09592976633899121,-0.08922717493682464,-0.20021475526075924,-3.1781215020167974,0.03765287964087753,0.19680072009142338,-0.12529586594861525,0.0042694310839788575,-0.10114207190179761,-0.12790721570369593,-0.01050374638878476,0.07553183381161135,-0.0934768770627367,0.333329367122245,-0.20548903101115246,-0.0026024797594283973,0.47597891755724026,-0.027789414891208532,0.040727028822997745,-0.05876533883619467,-0.10550701768169134,0.2504552266094115,-0.013516865071716982,0.11937206002659406,0.03182929722624752,0.4892317877973165,-0.0013571268998166938,0.07535238631374307,0.012303302742100326,0.14280486175967208,0.23745760874015015,-0.4127646445328683,-0.2962699363404816,0.23151161534248932,0.02280319975344119,0.06250096846211639,-0.04918418765818286,0.08702866447362603,-0.09772484236429906,0.24392803288230178,0.24101510637307383
9,111,9_111,-0.04823353882207392,0.06345540242090535,0.2106086362674474,-0.39443097280481687,-0.04106885132881311,0.04970215557384878,0.35395813091156575,0.08219058890862821,0.27212011567961714,-0.12444878243984511,-0.09496884922210413,-0.24885948318844806,-3.1798442517794094,0.04477630447309751,0.24100520863484304,-0.14757708474693712,0.0043955286228671096,-0.07133468179587418,-0.09606900993268937,-0.013461838077032903,0.08142017322547662,-0.15500094955679602,0.34712204773677513,-0.2222120772416775,-0.00022089191363193096,0.4825389034566111,-0.005806194624075523,0.08906161615094998,-0.050197009480773255,-0.09189357074470116,0.2613133492593009,-0.04228447360505995,0.11537227597804024,0.06496873094986838,0.523960511609912,-0.020077474639536096,0.04043366850729888,0.045018286198655215,0.15497422410640865,0.24450416621465523,-0.3973515851566425,-0.3168025212820906,0.24698857912328095,0.038706938221405904,0.046916021396173166,-0.04133003347577939,0.08762348382154483,-0.10431982377758967,0.251553057044243,0.24859890741009552
9,112,9_112,-0.011596992257253752,0.04355431720114092,0.2296351962111734,-0.3856874672858548,-0.04763238232618251,0.05813060277092742,0.3562962674829752,0.14120446965758374,0.26212819315385555,-0.0877992687361887,-0.0697915123718234,-0.23694266753486332,-3.1648816727590687,0.06455469560984209,0.21439598567705612,-0.15611180518827159,0.00788986534744946,-0.07044765040500876,-0.08467629173186332,-0.00955818519229986,0.10013753316228295,-0.1693145527255054,0.3521047006764515,-0.2509862309831422,-0.018064759240859724,0.4447932360874699,-0.0065603419786821465,0.04801269704026837,-0.03704001518834769,-0.09532267335934315,0.2406056063901144,-0.0480450070921449,0.11301029593319561,0.05237154359944541,0.5487249128989816,-0.03171948367323628,0.050134161096420674,0.002775085100896774,0.1305558752751936,0.2781172375612724,-0.46931215649619795,-0.3194940853509514,0.2431617956926308,0.06696953032235432,0.02429052103653653,-0.03512715947112051,0.06888328041218886,-0.1251407958607781,0.25023611796790063,0.2172894110610425
9,113,9_113,-0.023872002891436653,0.053308914599014885,0.19619062581280716,-0.37834910006174954,-0.047423468593773235,0.06250664016305738,0.3859223494035701,0.08751989046750669,0.24812476506318654,-0.10280167813334481,-0.06675228869510832,-0.2129350783865489,-3.1601079980146536,0.04335247517998924,0.22408876544268483,-0.142572121970464,0.02176377450569584,-0.08251057675072146,-0.10677235690115056,-0.0033941373622517175,0.0898499158301472,-0.1250667074050236,0.35738268506360577,-0.2444278937975445,-0.03796803256011535,0.4683329925742784,0.004229454790252565,0.06097334185470134,-0.0705139528909882,-0.08508083230691878,0.24442247287023655,-0.03923174022322236,0.1263666007649696,0.050281884105202464,0.5227503124413512,-0.023854136795881522,0.05300414878844877,0.019991357440922355,0.1476546998965911,0.2539683187389475,-0.41139537722481156,-0.2806448835271492,0.24383947011806723,0.041646932137219844,0.050880998688370205,-0.05853598508350913,0.06792452135522666,-0.09502942164949953,0.23671206240738144,0.21928611836975598
9,114,9_114,-0.026858537030420848,0.03191789253605748,0.2039799497210879,-0.37603862841933733,-0.02187901485376642,0.07170981941135324,0.3803310566199798,0.07950169441687649,0.2117559840053218,-0.11346492562825006,-0.044522132870497444,-0.20336345735813666,-3.1066516316495836,0.03999220388118374,0.2232664588082116,-0.12035120227483276,0.03818525670936879,-0.08727955749293415,-0.08428061243103002,-0.01606622561121185,0.04855380676690402,-0.15911060850658032,0.3253952981094699,-0.23613213385215204,-0.04306431552458889,0.4921693738488102,-0.003764096875784162,0.049175319011737884,-0.08441158501773316,-0.09453600410461149,0.2638416320649526,-0.028642264445807086,0.1255626209535876,0.03506535465703564,0.5082792632911151,0.007379230353762978,0.038574211378090695,0.010660521297609193,0.15323205218192015,0.22645775742330443,-0.4002178754781198,-0.30828474845566234,0.2403669237601207,0.050189516390673816,0.061755876561960577,-0.04112428634562093,0.05088599133114258,-0.07316089978121454,0.23788118748689158,0.23617416337521036
9,115,9_115,-0.018894394151734644,0.05715927292410513,0.1940128367837905,-0.37541284771671274,-0.05365915286359114,0.056802137535205986,0.36160102269913175,0.07487657103283366,0.22662872126532438,-0.10318616810694056,-0.07916671759536806,-0.2535446585630471,-3.118366881249086,0.04000486388389583,0.21277293276024173,-0.12030875409781967,0.013098648313063918,-0.0873321968521747,-0.08620065986618118,0.00157792392397686,0.07349278134121427,-0.13133362632328294,0.34333669113540005,-0.23550861227756612,-0.027567600993492272,0.4532946114059327,-0.011077853284758639,0.061923098629748256,-0.07259660410817782,-0.08217572492749413,0.2558926056121599,-0.052549259322651504,0.10490817038588367,0.05279317520919063,0.506825609499905,-0.002418490541431139,0.037928444567962356,0.0014259240490094459,0.14377918447530388,0.22360780053719315,-0.41013336680732876,-0.29812251081567187,0.25736736587582615,0.031009299466210716,0.0455710257614418,-0.061774802009162126,0.05575099289109755,-0.10552024490357582,0.253422219125677,0.24180603688494917
9,116,9_116,-0.04405233350275119,0.07203685779777337,0.20238788188355245,-0.3489099751185516,-0.07777875296871535,0.05288364979759196,0.36151099713192797,0.061027638151155736,0.24142001595749868,-0.0807731122719512,-0.0960979391940568,-0.24131794950032295,-3.126543620345639,-0.002889933903169745,0.2189254723845236,-0.11875744726977941,0.012215055959292358,-0.08943683441383672,-0.10710163594351388,-0.017292515879329156,0.08329386105997758,-0.08546504688845244,0.3304818765187234,-0.18644900241177345,-0.00021691587551008436,0.47761728712002344,-0.07469812536831288,0.09163154497646782,-0.05572152740719235,-0.04283409669547908,0.21570418678297132,-0.026266032478352096,0.1110895070433959,0.046460595971011036,0.4417278442632261,-0.01739147206706762,0.01814364114911501,0.027928657780470458,0.15259213903867502,0.19708140808820734,-0.3327645868720377,-0.2562840179872343,0.26810485679757845,0.030829620633905472,0.01672898701294531,-0.059655793559310645,0.1025039368656044,-0.050756853746932784,0.24154319782232336,0.27161391419826497
9,117,9_117,-0.06073562453711477,0.06381922062283588,0.20512858465507697,-0.3715832255988943,-0.044061016791251774,0.03833153523376026,0.3872988392835373,0.09498700939526677,0.2807251235133222,-0.07802247296424397,-0.10488888003063672,-0.2592361509452971,-3.2074795520823933,0.013685838335088124,0.18807939865000212,-0.11692267710611265,-0.014233813067588677,-0.08440258893363686,-0.12391126160408654,-0.014870081833702576,0.10637191486792923,-0.13335369797698252,0.3457273021108986,-0.1901833464623637,-0.013853074464474636,0.444536200571973,-0.03770140056937256,0.09715414375897573,-0.07364765488577324,-0.05625011035120433,0.23569343798440992,-0.03309511886012989,0.12532408768166528,0.07975857721343661,0.49316934112499916,-0.05660305167288051,0.05948534735257199,0.014421563038335113,0.15146896880125824,0.22047543747226114,-0.4064150558971158,-0.259764636230441,0.24325084405942524,0.022715085463002556,0.036843842855955274,-0.060810158145975506,0.10697643409701142,-0.07522965234256732,0.2701997816857668,0.28210780898221877
9,118,9_118,-0.033017345240261134,0.07840391610645586,0.18571964654290044,-0.37911093181491584,-0.044764346805297665,0.05449954709582302,0.39484116602414715,0.07373337131225544,0.2896137966085725,-0.09798273386938187,-0.12649653240069533,-0.27271229704356686,-3.220755837657899,0.03565408203838272,0.20957106369693845,-0.12373187740411881,-0.010298936239308125,-0.086071647895889,-0.1086875538567395,-0.006310290584280031,0.09797579915172659,-0.15587741375269218,0.3344491545523078,-0.20171153505147216,-0.0068654581797139725,0.4261194034854228,-0.06340535675885577,0.10364915591720812,-0.051032765017121215,-0.04048684088226008,0.25012850110023016,-0.05806250556040256,0.09426866546701426,0.0659025558020734,0.5132395512285246,-0.04631581217928351,0.045684095276287716,0.026595916271645047,0.15898665348986712,0.21078695620363758,-0.4135872184930519,-0.25239681547875176,0.2474836367485738,0.033134895162317914,0.04724295758236364,-0.03422486725653244,0.08812209972407012,-0.09115888113405742,0.2631981674353396,0.2783106597215365
9,119,9_119,-0.02594179630589982,0.022260137224754242,0.20271722752290466,-0.3827454827989762,-0.04609823257681758,0.049410720958064,0.3692154390271753,0.05895516184425408,0.28630172230458506,-0.10625671697974516,-0.0833890272686646,-0.24282207735038053,-3.127254010041555,0.03332609369923981,0.2211548354185652,-0.12809398505759115,0.03206376315826977,-0.06992202348832506,-0.1006840421150749,0.0010930845622594157,0.04686577095921772,-0.14762908507604153,0.3339953338013341,-0.2271788198330129,-0.04311486682534451,0.4562735478548954,-0.07373673329440256,0.08079795313378176,-0.0818870449535704,-0.08149287771394786,0.20924688150756993,-0.022970662708394228,0.11706256734546817,0.056032047652018566,0.4672419830535849,-0.04411679295822978,0.001798905380370949,0.02536901013246582,0.15299084046700348,0.18054836262172708,-0.37582289477965486,-0.2808139077275215,0.26909791517226644,0.028513706896919757,0.022997334663014044,-0.05825113230799616,0.08524566361408992,-0.04454679273612176,0.2631237341287488,0.3101073926169192
9,120,9_120,-0.05435539537627067,0.03639158263000094,0.24224336735984425,-0.4097406461348458,-0.07433681788831693,0.003980002205675451,0.36474460925464447,0.07738910836423245,0.3980636143626595,-0.12439948308240543,-0.10798507569746735,-0.31521074532186805,-3.121092276958128,0.04243508733627875,0.3202182431949019,-0.16401364919101302,0.03973375523283028,-0.08592803435632439,-0.09014811947057565,0.028370445180046642,0.06370604309653399,-0.19245687773582176,0.3229537654044526,-0.24183514832654532,0.039990706266020686,0.4541919865797744,-0.206196415945561,0.14960131792112666,-0.03747334953780794,-0.11246244902182904,0.13823072794022145,0.06597046088431095,0.09394015407854438,0.06251367165929791,0.3871510175951179,-0.06322569789529098,-0.06472993858305169,0.07227741314485077,0.1982892475454199,0.1439858541555926,-0.34601455454044516,-0.4032895431962461,0.2895073870789106,0.02798352868187846,-0.050780365872323534,-0.0266776109668583,0.09367262827228322,-0.027980725480596276,0.29695725883365887,0.4129555355407536
9,121,9_121,-0.029089238783531007,0.06099877926603306,0.2398707107559871,-0.3886587541369606,-0.0879446885867903,0.023489258928787858,0.36931681397926813,0.07764671535524953,0.3594610685295924,-0.10001912040148665,-0.09133630704482328,-0.3169539427962909,-3.1240970351989716,0.037879478252274355,0.30860078435152305,-0.14108609272544737,0.03857689547432686,-0.08296162712914351,-0.10522788302542241,0.023088834037190427,0.07457379783528083,-0.14303556684664753,0.3406461704239321,-0.22920152335294902,0.020603979790710426,0.48594344697180597,-0.1702302149188008,0.12403394910263055,-0.06829688332091145,-0.11109587768448588,0.1546784401458169,0.02182909218061178,0.0967731628385556,0.06471072882487679,0.39364848624256044,-0.029074941022491144,-0.0649353780006978,0.03679837143907708,0.157542589941801,0.1490475771563623,-0.33052306151491223,-0.35503706084654885,0.30651624391337967,0.016458046129624905,-0.019380258077359422,-0.04933762189019668,0.08932609161924403,-0.04415609319931204,0.27012793391804735,0.3836535702768785
9,122,9_122,-0.06651329305968848,0.045156065887088974,0.27872842515942575,-0.3763502928280682,-0.09563357015612305,0.023868552464459698,0.39000812341082186,0.07378878048259244,0.34940999491752023,-0.1150877542290901,-0.11489303610786586,-0.31821315557340385,-3.176802349620033,0.026993728633052036,0.32177987637442534,-0.14335126142811558,0.03976141676987772,-0.08904618658478476,-0.09724976819578253,0.006321044503147481,0.08714812038819056,-0.16428958308166183,0.3114460715847311,-0.2293000659044874,0.020111027623326422,0.5524234131599106,-0.21601284242914065,0.13129103852236915,-0.05859214781743794,-0.1506256024726342,0.11469657982529657,0.03608642202675,0.0878094731522153,0.08568727113019829,0.37998392087629856,-0.024705520014233085,-0.07177791715949892,0.041210378105956076,0.14776795610842686,0.14566913467759524,-0.30749423325975656,-0.34708897941415884,0.3231079092623444,0.029799001696809813,-0.035203015895559235,-0.05490920766698977,0.12686374262126493,-0.03672564691023296,0.24052295152229056,0.42322818180118765
9,123,9_123,-0.04386690627790264,0.06791845380470901,0.27160059048965063,-0.34831174814383514,-0.08260538516040417,0.04865752113887446,0.4000210388354709,0.07871078900353806,0.3160683324103263,-0.08859081944951566,-0.10061449725710722,-0.3102552229445203,-3.17378625839346,0.04019154689929812,0.2987186852361674,-0.12801095278308552,0.03758779211134692,-0.07498237617554082,-0.1102091213501273,0.0035073927053120126,0.08369747963084752,-0.13736178828882242,0.3189280223419594,-0.21463363629893994,0.015972373354784127,0.5428164702051523,-0.17826510574717666,0.108526866305935,-0.07003201291551289,-0.1382601348551321,0.13496441302341697,0.005954464777980039,0.08721912892633889,0.07364046451197565,0.4033102402059633,-0.01773912294618018,-0.06253634983332791,0.015488378708399149,0.13273354313641636,0.16262418490820144,-0.3293669974974892,-0.3091485823107739,0.32335648294494324,0.02769350987022743,-0.019859740189551358,-0.064722239088513,0.11945820361852016,-0.04663154189360655,0.21548698450000484,0.38388084610794654
9,124,9_124,-0.02643346852546697,0.0865587809827125,0.2776534563651434,-0.34172991165384003,-0.08864776203453323,0.05660773505560042,0.4154312528617842,0.07880663954018578,0.3014433436032767,-0.07258873533736489,-0.09211667804980037,-0.30996916781429656,-3.206460363687044,0.043731115960570756,0.2956695516758098,-0.11276134029648475,0.03831966388089091,-0.07946778227778097,-0.12442518830301534,-0.00199124607263817,0.08875515775141016,-0.12827996862834076,0.3142253111371101,-0.20589844945437524,0.009596786314151251,0.547092089860819,-0.16621890375809628,0.09007602092416456,-0.07018122917735943,-0.1422139155291934,0.13566787031341326,-0.009150964509644074,0.08591441651714744,0.07534000443372968,0.41457223752346084,-0.0028724241414489335,-0.06216669821312534,0.005075118928531275,0.12272665783787119,0.17032734496277563,-0.3390576908218479,-0.2883388673440762,0.3254071524268144,0.03183391272361661,-0.005533786675108514,-0.07111055178029185,0.11826819819626401,-0.05040030095638188,0.19847441561971835,0.36198390889251303
9,125,9_125,-0.008359485575051182,0.10136047834607372,0.2742193618657349,-0.33144390517485894,-0.0853419097539856,0.06556531206501812,0.4181966606871185,0.08190522186137131,0.2753416412399108,-0.05907546244741153,-0.08260404450757387,-0.29408226016172934,-3.209992203322725,0.04483061674129591,0.27569964703194505,-0.09706010304632673,0.030267736267858513,-0.07687252131198724,-0.13043430548743665,-0.006856238649581367,0.09039951314216467,-0.11467952705337706,0.30874738876974034,-0.20062861016602335,0.0030994577462671352,0.5438420002779364,-0.14404492191222606,0.06500609452166209,-0.07756370441824516,-0.1349212575747924,0.1482599088639283,-0.02459019047428334,0.07953236836532493,0.0622290191853754,0.4235663996182052,0.010061016025346342,-0.05125095564755637,-0.008880748448414301,0.1135917547059037,0.17080382541114225,-0.34898805291915297,-0.2630645675287691,0.31887550022121697,0.030890762207422637,0.005526618958567589,-0.07792933943094058,0.11439533548048426,-0.0596614354421574,0.18561453845606687,0.33833815483069185
9,126,9_126,-0.0037655219720431864,0.11034003026324443,0.27305551778060133,-0.32173106124388523,-0.09166350133246837,0.07001680357599534,0.4064995999665189,0.0845792452856597,0.2668343671937358,-0.05157491476322038,-0.06920235933272459,-0.2953220784394143,-3.2099582433352336,0.05448688680148393,0.2738799463100147,-0.10086434687469545,0.02888511178420835,-0.0741032418563905,-0.1328567612010725,-0.01783725183025028,0.0933782284578658,-0.11152200714396875,0.3098192619891069,-0.19844812893440417,0.003674312068992332,0.547131763783617,-0.12883167144987087,0.04838191356025885,-0.06999916291538474,-0.13314920588800572,0.15198631072734295,-0.024559281408521837,0.08978702788229843,0.059026836102684055,0.43397105268489283,0.016993356583236408,-0.03970854319990467,-0.011570364476172237,0.1043805169197827,0.18578432261824165,-0.3528846377131818,-0.25889590741578966,0.3155945803257211,0.039297958473911467,0.011131898911162928,-0.08147717311318842,0.10737575466240513,-0.06659996065127725,0.19017771683227122,0.32517726211669196
9,127,9_127,0.012858106088833525,0.12188104621755953,0.2651857175782968,-0.3208966423646802,-0.08608516754348239,0.06839903901091132,0.40402274537179617,0.08029018578808833,0.250897309606193,-0.04679016552132984,-0.07042540820471298,-0.28215858551037,-3.2117250543374283,0.051153003009376474,0.2646606956235169,-0.09613354124092999,0.02926903839148872,-0.07873763880245119,-0.13639390823044456,-0.01263188071264057,0.08958219896077824,-0.10997580343409656,0.30707970772748094,-0.2017409364230056,0.002760345017407627,0.5409917474366152,-0.11953564020923267,0.046696834404666265,-0.07890796751224508,-0.12406815999087233,0.15116662552985005,-0.02157886215353098,0.08604948145752916,0.04689487246320753,0.4319942829209881,0.03784522172450446,-0.04565356819521045,-0.0071367657393790205,0.09987927856213019,0.17525435106120466,-0.33808917683049533,-0.2533821840779677,0.3118415831745817,0.038270393033726854,0.008370296678281963,-0.09609606545671033,0.10645601526011551,-0.0628875033863856,0.18031925539019553,0.3134084917561223
9,128,9_128,-0.008945733789081844,0.11613100341557442,0.26753463072679307,-0.3008488689083606,-0.08623487460300187,0.057733386376074704,0.39360121099161915,0.08197432375793648,0.2686702377840739,-0.0529071581480244,-0.07916530306152403,-0.28967218163853936,-3.1986006280365116,0.045928191349487134,0.2723601433602207,-0.09283374652267938,0.0266087057509447,-0.08053716348165359,-0.11257792355005387,-0.02052019328338656,0.09210725210400406,-0.1204951275928158,0.30507098514817255,-0.19785893918615505,0.001042803915093757,0.5464261291206899,-0.11436110539820879,0.04981657819147038,-0.07790794951404112,-0.13541398642626926,0.17034607574596727,-0.032104674113015846,0.08687259895486343,0.05905769563511605,0.426483963384021,0.022546569112307128,-0.04517842717845252,-0.00610068149144707,0.10427331778052802,0.18341368169218233,-0.3424283408230769,-0.2505156774387294,0.30824639832909506,0.025414951608849604,0.011946927870932324,-0.08901940144865834,0.11680761621989955,-0.05645460745543159,0.18986099446663318,0.31832820844337717
9,129,9_129,0.005559770488839825,0.1292703875103122,0.265580412298009,-0.3173271917304724,-0.07972611301867481,0.06038198117987572,0.41162492368481296,0.09170691352429279,0.2582335085214579,-0.03811119877851798,-0.06684429120712278,-0.27572662620003463,-3.2473451515332843,0.05165983798897537,0.2752020823076502,-0.08074883510403918,0.01935261396024553,-0.07754631355630916,-0.13105420555609174,-0.027839388005969797,0.0937113454294288,-0.12653990278513697,0.3038277749874704,-0.2035612498640354,-0.009457909198679284,0.5394784573222664,-0.10771923018587422,0.031586237714035695,-0.0831033896020065,-0.13559509580613416,0.15758495276524212,-0.02769508976608059,0.07319450854819369,0.050935851881014974,0.44268438485299677,0.04123793601342278,-0.03775277659055791,-0.008961285710717557,0.10065611118502323,0.17070042365129096,-0.36295453741226985,-0.24552325071901354,0.3199134438044015,0.03603648075140901,0.015089876629246981,-0.10657995394607031,0.1049587308193459,-0.06910080717540353,0.1817650005746251,0.308166838130578
15,0,15_0,0.19578177812381908,0.36739245089385286,0.18275012693779005,-0.4005673023816988,-0.15651145090397348,0.09082357389115714,0.4204226171010825,0.17349568125646328,0.14005128694693017,0.05513119933394981,0.008124209720931828,-0.13411549263790273,-3.3376231073268823,-0.02556278107546989,0.12855067462351794,-0.13221953760595884,-0.03926101349438146,0.018808659220533337,-0.2943163690602367,0.1247507806394164,0.2964170080234453,-0.16865679553548724,0.22541673675282253,-0.10724386262360375,0.2111463237422218,0.1801906753160113,0.20934626442184318,0.04357160433730444,-0.02981009532691782,-0.28726155512677,0.09394468540444255,-0.0619308154155366,0.13627774665953568,0.022239225548764806,0.5763894137065109,-0.023420111396405575,0.09448084433658031,-0.061084658457996606,-0.17310313480603068,0.5123625435862258,-0.6512801116297591,-0.08820094539803774,0.27280664902980006,0.2201992396980651,0.12864402877221437,0.02264429094333796,0.14596688297731686,-0.16806211172921134,0.05732829326207138,0.17512165049205675
15,1,15_1,0.18687577744102857,0.361702087045375,0.19701081830682932,-0.3752534095901188,-0.12962750450898203,0.09733552090596373,0.45063552951893926,0.1778831653751361,0.14678171244570828,0.03957078966975312,-0.0041739034435654436,-0.13827728373104622,-3.3331194050934005,-0.025131687790955134,0.1612239320245467,-0.12987925032857983,-0.042037138480555736,-0.003961239581303963,-0.2679820884008152,0.1286669630563274,0.27799683996797286,-0.16919834186716098,0.232716124089932,-0.11306402059012001,0.20255743334256,0.1579817487350395,0.17644062119237752,0.03854502791528711,-0.03439542601822261,-0.2949198529875617,0.0670735878117761,-0.07138140277242078,0.12004486708917113,0.011032123945774774,0.5733053444247245,-0.019696673937832584,0.09124541678520737,-0.05218404310473954,-0.17463622904093154,0.5026002943461788,-0.6475896436138728,-0.10245085007395507,0.2888099889642281,0.2017849134152349,0.13125722975869988,0.02225278604540587,0.16452796047009025,-0.16547755734174055,0.04530262474854241,0.18329097174213757
15,2,15_2,0.18801927194931428,0.38615406066858227,0.18357376512588125,-0.38032595308496936,-0.14405896740536517,0.09052454156564746,0.45742823939145577,0.18900388660436357,0.14799389518661174,0.04607459757860211,-0.0006684859184118689,-0.1350637845477113,-3.3737164292024286,-0.023670644833628168,0.15023156658979403,-0.12664624244548078,-0.058472620133323244,-0.011699994796906579,-0.2714374081072091,0.12386013973292098,0.3019576896366957,-0.1732931850017819,0.23596102755361004,-0.0966417927755,0.1915824740412504,0.13065939371773674,0.1832356878529446,0.04253535170162624,-0.03597792988132342,-0.29586220491831317,0.047258733689490844,-0.07381469628972812,0.11983363574147138,0.03329820218408509,0.5655462146210506,-0.0037305384378493295,0.07882823150728333,-0.039116194646048146,-0.20038994402649904,0.5180256183494734,-0.6482714832853743,-0.08695343841184573,0.32378050950818504,0.1994034259229473,0.14729080712903045,0.019338709877898628,0.17626499692529984,-0.16215018405244863,0.04264890184507058,0.1996501300721793
15,3,15_3,0.20019636015113182,0.3814104432650972,0.15987289039048008,-0.3964476916805337,-0.15169748278677675,0.09061874692824184,0.42240910273058746,0.17674359097106385,0.15598001887630336,0.041521874548613,0.003364507445598261,-0.15000184720467913,-3.3340981537990753,-0.02065811262251407,0.15015818482361387,-0.13669406269075088,-0.057532774309587496,-0.011374481718213288,-0.2650820221751349,0.13687825684470128,0.29578744743470736,-0.1833194672049386,0.2510841488802558,-0.1087386425635519,0.1966894472272503,0.13305982554247378,0.1968145751177581,0.05051689664881506,-0.03264820342494499,-0.29411941425874943,0.06931081283088159,-0.07170417669849444,0.13706496418921385,0.026329123268439992,0.581522842564246,-0.020611517778055824,0.08665404677177924,-0.03743728624679599,-0.20224239519853357,0.5302841320792431,-0.6535607475413991,-0.08775923489492979,0.3238986005348235,0.19667611604687488,0.15661486040348185,0.017785047620481498,0.15799337088251755,-0.16470323062040068,0.05053733271514385,0.18986150635831459
15,4,15_4,0.2004198823904135,0.3676801665948496,0.16708611897938394,-0.39831362944259746,-0.15413487339180154,0.09645872670739536,0.42300627548832326,0.173150631278325,0.14462359206221093,0.05611909189086309,0.023931585111980472,-0.1254729246900732,-3.330801081404873,-0.011011995804062777,0.12647409343492344,-0.13302125665114067,-0.051570038742734275,-0.013681672383602241,-0.2743950269205271,0.12222622309828884,0.28290670808950097,-0.17877212086573124,0.24902499853003132,-0.09806685612283872,0.17136345116162988,0.14309457502761955,0.19741980586713917,0.04036191640556764,-0.0477272492021663,-0.293901902063237,0.06945064292906039,-0.0678822352333009,0.1354287877585268,0.011287352963760036,0.553172847456508,-0.004786559624088507,0.07986369753385127,-0.05084193585460989,-0.20212834017824863,0.5192290738424892,-0.6555039965975309,-0.08511681868045198,0.31465568162709207,0.20526095697585825,0.1522571986769184,0.0007199081141070708,0.14475294290614518,-0.16355788318973427,0.055445337117911206,0.1848577119606098
15,5,15_5,0.20183460653056762,0.39645672330879117,0.15824831561570923,-0.45692990693188934,-0.15742136015479294,0.09147849639942254,0.35930127747765117,0.1739269396802799,0.14279649754592966,0.056440369003727245,0.04615139905707626,-0.13515014879483,-3.2561752451282135,-0.00329696930375924,0.1305400805165371,-0.13813042057916103,-0.05374394476635819,0.013300555055270032,-0.2865434810705437,0.14950763720270685,0.3023837808040717,-0.18477545244597202,0.26120144629218955,-0.11527936470013256,0.20973972233952237,0.1176434328107791,0.21822535912265797,0.05482455396155913,-0.05148892115434319,-0.2577432210107924,0.09479375226741087,-0.06990539416772135,0.15511704416332883,0.030281593692441558,0.5908999597307357,-0.04323742802321574,0.09258245821452496,-0.06291225055251123,-0.21322293030868375,0.5490248708815978,-0.6885166023496878,-0.07456719576771878,0.32533463756076286,0.21283142623947193,0.15250051497459258,0.0425258153564033,0.11854906240218965,-0.20789141622754406,0.07860800419222622,0.18504980342704916
15,6,15_6,0.21267459085642657,0.3832108031472759,0.15728672220948137,-0.4402202206540524,-0.16143491319172928,0.10158838617328565,0.3753486180879714,0.17744967503654321,0.14508339300547649,0.050121752927914,0.042455050658483186,-0.1393397624062948,-3.274101989218258,0.008115132323921942,0.12426212910260198,-0.13558260944584638,-0.046432267255050175,0.0055881752831304825,-0.278072122021041,0.15330542834264418,0.2988966886306189,-0.1917905273913816,0.25525682368362446,-0.1122855410923438,0.19556656111394247,0.12285315406542478,0.20255275880992613,0.05662999532531512,-0.05067772261878845,-0.2659533785821924,0.09919945512049119,-0.0721495081563505,0.15243837433005092,0.023911793298148867,0.5825351395446279,-0.03761353413510587,0.09266057375144278,-0.06088309759288677,-0.20397646743070394,0.5425523874671123,-0.6752655872069723,-0.06788333605288249,0.3243630239906233,0.21605133351615885,0.1633234839834289,0.033592966269143924,0.1267229096715374,-0.1930561457875277,0.07584275686521472,0.17481524973299528
15,7,15_7,0.21021073427284007,0.36484816345327353,0.17181682955874367,-0.40510256688826984,-0.1598904314312805,0.09685419634099034,0.3988590245845983,0.16791290613081908,0.14790558787534092,0.04889682734104268,0.03691018177681876,-0.12626367840522887,-3.311087944173971,-0.008893234619645871,0.1297502869557618,-0.13937283981072424,-0.041186158844402194,-0.011295268662069955,-0.2626128616325613,0.1319299239843756,0.3004755280940117,-0.19295066286256174,0.24933845709510813,-0.12206109071455035,0.17624567087605644,0.15934849761769512,0.18558093602546935,0.042852984909127895,-0.04513061721166928,-0.27914457420588124,0.07657059915130297,-0.07187088512089163,0.14287167275458876,0.011115223869772517,0.5707838062791409,-0.01847482652747364,0.08774963041670379,-0.044947715640862355,-0.19744039310094638,0.5145913480656876,-0.6555281341423855,-0.08562865261116705,0.3009150932830219,0.21200192619827385,0.1480038813964373,0.006862264405086068,0.1350060656737008,-0.1741448433734801,0.06776910533114935,0.18144317753760447
15,8,15_8,0.2011692936985723,0.37065081847832265,0.16873364039297967,-0.3859806446685799,-0.15933262252096209,0.08995098929840291,0.43065850694614416,0.16629534681341127,0.14837763631383055,0.04925858035951566,0.030871239497508165,-0.12921349723041836,-3.3499596980200663,-0.011257927726891678,0.14143090377185452,-0.12496289058461518,-0.04538458484158894,-0.02324825645348611,-0.2636116759686806,0.1186994716584895,0.3014200549562786,-0.19159123558975574,0.24785362725424934,-0.10091625652059753,0.1701780717584602,0.14769813626089856,0.176567582478233,0.03934422061586704,-0.0414331114050739,-0.29556107729389314,0.06041971452708428,-0.06739566826277874,0.13754695984748927,0.012614457506422051,0.5643693458641833,-7.819748799535751e-05,0.08178698940750803,-0.038234908371884986,-0.20102975229552847,0.502858959593149,-0.6524277758400773,-0.09345534536002086,0.3060767024771212,0.2002931967070348,0.15474907588738848,-0.001012486123025147,0.14099876940389822,-0.15571015953014314,0.05941126047147824,0.19303020577296406
15,9,15_9,0.19551717106029917,0.3493160330812776,0.17502285214954205,-0.37201532267468757,-0.14022913557922878,0.10127084268385204,0.42348800749191673,0.15545471988306958,0.13687926391621644,0.04041204892803288,0.04553556633377419,-0.1138757073762466,-3.3207919516950115,-0.014144159005857129,0.13471776205183833,-0.1235920038025189,-0.022405555304169107,-0.023021591672230234,-0.25258419440547564,0.12614703653984957,0.2767196492730988,-0.18015160423266918,0.243902662316363,-0.11204912391291647,0.15296532492383252,0.18278567412511648,0.16515057359845567,0.029278655563120835,-0.04727537615883187,-0.2921439323673101,0.060891623077220014,-0.0671287381976403,0.13509607678422347,0.0009563434525323273,0.5623343618670298,-0.00500259490908627,0.08812863315682837,-0.037596328692486254,-0.18356134049295353,0.49030389525957657,-0.6279974074354517,-0.08248442397558103,0.297757212469671,0.20507769585168695,0.1529371079533546,0.0012944129501567963,0.14867203206506766,-0.15832873382039825,0.056957653026927055,0.17964038371205474
15,10,15_10,0.17957140082343115,0.348679048195776,0.17704233771850225,-0.3560944340392782,-0.13472441726577133,0.10393261557350619,0.45890638423158164,0.1597751869062751,0.11743874632146303,0.029805737042157096,0.027463224081026354,-0.10791876807104858,-3.385972779883614,-0.022667857969144382,0.15916480377919182,-0.11933908267907468,-0.04910681966720208,-0.057758227187353246,-0.25430467973077153,0.09027574932798772,0.26479041184737645,-0.1790978544637711,0.244568187046466,-0.0984791283781089,0.13639185291502767,0.14108166664688482,0.15565489960840279,0.0300998741143333,-0.03618621277811869,-0.28927984141503,0.032028129802047146,-0.06250013034493822,0.1209974434226208,0.004277058396338488,0.5485088985839288,0.041729774561200784,0.05610327528734379,-0.00919992977258148,-0.18446122401193538,0.4903739901370357,-0.650840340422325,-0.08550717357928954,0.33705677834791836,0.1929370412396052,0.15612794458587606,-0.011844745388525669,0.14934122982599973,-0.12416033680654252,0.030931795025026996,0.1893080730980654
15,11,15_11,0.1983170296051011,0.34277937752795556,0.177502479468027,-0.36157935406656866,-0.13167791157809583,0.10991929766381935,0.4402528396971264,0.15781070040754344,0.1398187121310512,0.03507102265298959,0.03449744175184422,-0.11755472507224268,-3.3208440520632516,-0.0018333791648969318,0.13803844883197205,-0.11423910243906638,-0.04023258424640475,-0.037050236378070804,-0.24321257036384397,0.11511553032214188,0.27121015365495615,-0.16602163208581625,0.25730687905524924,-0.12416379610032169,0.14207401968226624,0.17097843802097504,0.15340045288717355,0.01469216688433857,-0.05852718176419679,-0.28029019592722393,0.05755667466103746,-0.0839886686232125,0.13084045835902366,-0.006824380695153711,0.5692822495947134,0.00525606041078923,0.08460319982374624,-0.04156152815789513,-0.18781864819833105,0.4812206870385556,-0.6468015034016247,-0.09040006972155637,0.29857264649911475,0.1940650670752057,0.15126161748446798,-0.01205905901927976,0.13863098654046394,-0.1542509202512747,0.052724414299855304,0.17352963038426353
15,12,15_12,0.1922255009853829,0.33859336768722575,0.18640622687485933,-0.34153468722131064,-0.14048289744599285,0.10094781936998919,0.45118106915937817,0.14572299039098074,0.14846377662096327,0.04430917492706773,0.03155271804345728,-0.10507986124596512,-3.343572210237773,-0.02002902245814499,0.1390616700773336,-0.10282217093489843,-0.048518220177608665,-0.05678360231286316,-0.24109450711638417,0.09519736753848695,0.27209733173192624,-0.16260427647863754,0.26214505467854304,-0.09462049583235323,0.14327750722885435,0.19161068903747097,0.13276357828003582,0.029113400639381684,-0.05940266705746706,-0.30184929870743626,0.04655316239134972,-0.06461417626935143,0.12530014896758282,-0.02063853282326335,0.5405611098604305,0.013977368440697522,0.07718246500393916,-0.02499346486568091,-0.17356468751166626,0.480832504623405,-0.6233784579281041,-0.0807815255736144,0.2882623529742284,0.18517071148571482,0.1483291640479238,-0.0015134719994046222,0.1594348777963977,-0.124920780557618,0.042030215923795695,0.19900683232833113
15,13,15_13,0.1951653046782669,0.35615826901650366,0.18069134110731236,-0.36328250132392526,-0.12986515424735023,0.09469159044243834,0.4320950148579086,0.14786632123965593,0.13420828138714672,0.03592479067510867,0.04933647910330241,-0.10882308821216422,-3.286032479947202,-0.024495095959767874,0.1497864179744509,-0.11739641856599826,-0.03423949743206628,-0.04408045382448611,-0.22926473120391416,0.10162969305790995,0.26282036314680085,-0.16051265272289417,0.26807364874749656,-0.11618100314916048,0.14893846393352678,0.18416671447041144,0.13853904368763523,0.01683630145936823,-0.07846785166679497,-0.2805732788511085,0.04880376318393159,-0.06798774336198299,0.13712537992751664,-0.015493913458984923,0.5488325413934986,0.010129541235784537,0.07237460075810592,-0.03657393545591163,-0.18592977250526938,0.4723804445082504,-0.6152066418236763,-0.0923430656559433,0.29456772802032605,0.19139044603361485,0.14433390950210354,0.006046406335727946,0.15744570656487697,-0.13238938518645746,0.04557584823258271,0.19160228515838765
15,14,15_14,0.18519728597111587,0.3756380834502855,0.16512126628090304,-0.368323371225846,-0.14312494476914095,0.08628300529067859,0.38903760768021867,0.15084994821066358,0.07317884520177911,0.03469204442037096,0.048391212126338054,-0.10686009827708294,-3.2754821453467304,-0.01092266679568813,0.11959692897586033,-0.12491479962702888,-0.003153050693490891,-0.022058919546691917,-0.26585804431506294,0.07924149515693632,0.23079323929580658,-0.14337608284183254,0.2307693871777912,-0.11307269415839537,0.16285204585312069,0.14167436166066855,0.17033019605911293,0.008860926346342612,-0.09494984036386252,-0.28674354537150676,0.05485323095275161,-0.04549323801194532,0.1035580816359149,-0.04502028436375076,0.5217193697821317,0.02446989163474712,0.027848362935267587,-0.04902434451709481,-0.1704022629223716,0.44564268172420257,-0.6554080277084174,-0.09081183694588224,0.27558128120561204,0.22161728928555816,0.12355079918286159,-0.028742780720241223,0.14756469946662118,-0.11202162007348965,0.03604980087534465,0.15792434141103906
15,15,15_15,0.18257123373635825,0.3548494640965212,0.1618570572330871,-0.3615043858914159,-0.14241838852919922,0.08625320765377975,0.37664272857648246,0.1414728624564072,0.07232818895450469,0.02325050631997686,0.056674942427848506,-0.10530796885321346,-3.2507370907521693,0.00029585749645109823,0.11988367487905807,-0.10952285879600887,0.005786395327538171,-0.012583031008004513,-0.25282344586989747,0.07281883273627573,0.21660578376783945,-0.13775706883034108,0.229041777934273,-0.12428047981353046,0.14590322672497874,0.1599769038931894,0.17296330742998278,0.004548378801961607,-0.10141880193206622,-0.279102462373553,0.07660920114025793,-0.04443816172669215,0.11044498819985642,-0.05598271100194182,0.5409497461839278,0.02449539687701482,0.0339571240677908,-0.053137207679118274,-0.1655708731024383,0.430796421604451,-0.6490281775427926,-0.08820342387735296,0.2651374396315687,0.21769168288643984,0.12811412468230915,-0.04251649674479829,0.13688903372818345,-0.11309291794808285,0.03833165883198994,0.15007164672895282
15,16,15_16,0.1926808287108092,0.34984254822747834,0.16956159946050298,-0.3582790824882601,-0.1387299342323335,0.11084105524779042,0.43332383386673273,0.1470159613456323,0.10675413283934508,0.0329583744037162,0.04824514438539588,-0.12158837790304079,-3.344162083505497,-0.015440315509580874,0.13105519493375198,-0.12245761522513975,-0.01773487384672387,-0.035637163517729165,-0.2550343234076428,0.08240185819269373,0.25426167518599846,-0.16788911932757716,0.2443185126973142,-0.10973782847852798,0.14224309789280104,0.17894032366912088,0.16677083272565124,0.018391184084061506,-0.06942005204964793,-0.29159713155995326,0.048724259986944844,-0.06681526043474394,0.11923004695959,-0.017780196953571605,0.5435828625129699,0.023803443363853545,0.05314184245761373,-0.03438595946096018,-0.17528171252636565,0.4673743616202549,-0.6295120955776072,-0.07655507531367373,0.301608651348936,0.2092015395791441,0.15076166419751127,-0.025323923226264745,0.1480607163791814,-0.11726997452921632,0.02502596607179831,0.16920003485066198
15,17,15_17,0.18662926621053927,0.3412533402297413,0.1820883071621384,-0.3286590087512325,-0.1242189834527965,0.11988707723861201,0.47411554056189265,0.14991893900072076,0.11689752261001256,0.029925550298382102,0.031445977912569235,-0.11229528204847676,-3.4002632023145756,-0.02653220156540296,0.15596929096320222,-0.12269773781646065,-0.03265562561320101,-0.06449724180980584,-0.24922570879585,0.08017685808748368,0.25441914241897134,-0.18183887470676857,0.2558342204119548,-0.1053059066653077,0.13149342035389314,0.1814875555298169,0.1293701694419984,0.007731788222840156,-0.052310219954129676,-0.30555574797456625,0.019557866910396286,-0.07071035624442933,0.1193542130704026,-0.011775911519781955,0.5626944210956503,0.03824638568576553,0.05473349562834019,-0.02477941967793283,-0.16749002267139682,0.4748727187611318,-0.6324225719015453,-0.08505632703936065,0.3139883116664437,0.19629420408705084,0.15145111108454112,-0.011270355649771989,0.1605979550100095,-0.10467854059334059,0.01549116970988204,0.19254303267288855
15,18,15_18,0.17075938635143761,0.351855156702002,0.19199556545226706,-0.31950166844803546,-0.1298204439028347,0.1406202095237318,0.5015719149359239,0.15245678456252812,0.11694660110371694,0.0050646724746119896,0.002405203125151975,-0.12278738328891493,-3.4477561750354853,-0.04508049619548068,0.17310827005279056,-0.14776285689068294,-0.03499695332506556,-0.08577510502159437,-0.2579659480079976,0.08266152359542296,0.27394922962939683,-0.19796296704005875,0.24499897983955246,-0.08262037924823376,0.12528456371582833,0.175215734779065,0.10985383576045059,0.02064270086339638,-0.029875501615824432,-0.3104331523253211,-0.010408263247102046,-0.063779169510833,0.10665604194455146,0.00012820907895398292,0.5273713820419333,0.05660675226946263,0.03104764370331735,0.011194371082459652,-0.18905299896950842,0.4869886237662809,-0.6061593769726711,-0.0740908431108363,0.35783344436612646,0.20018752029691572,0.1493128353741003,-0.0037534870644884287,0.17504499940597237,-0.07134370226209226,-0.008116962632302003,0.21075097242344326
15,19,15_19,0.17548141615822757,0.35003508148967694,0.18949134846522772,-0.3193057212738936,-0.12553327092547148,0.15413738864166698,0.5130930892944802,0.14161272590676158,0.10363200028438514,0.005729406792778213,0.021311198713570144,-0.1160987436379678,-3.488473763803915,-0.051790550388574046,0.16576099909235545,-0.12950390807260737,-0.03584889545643039,-0.08842567187460049,-0.2573239675868645,0.05819137821232093,0.27566452352547244,-0.19751871645606933,0.24395533503259723,-0.05955190673494589,0.10986093456548657,0.1990055030289027,0.11685423929114365,0.019887220262605712,-0.040271145655047,-0.2869732382616055,-0.017473377922322418,-0.06271134776469013,0.10197382962087012,0.013444503252982234,0.5304844090853617,0.06783041618399568,0.02613461411251187,0.016027374931023616,-0.19146545097692316,0.4833520058882729,-0.5969498457600725,-0.06044733714087761,0.3768354254394586,0.19218000930743248,0.1627545074205046,-0.016374691944691502,0.1636138576963906,-0.05852029620852877,-0.014344293437738702,0.22561020863517345
15,20,15_20,0.18732153343385452,0.34035162268201213,0.1921124294924092,-0.327032605837924,-0.11638725556074427,0.13238114539920212,0.4682306088176799,0.13672993812424275,0.11924027572568395,0.020426523684417802,0.02446685973313258,-0.12896467055057478,-3.3892459899235234,-0.02501448300866712,0.1544973991686632,-0.13045557501071245,-0.026196431895827935,-0.061809927705937344,-0.2388083448797298,0.0768107722242745,0.2692953382637407,-0.18869593625206912,0.24143531262092482,-0.10173783891853878,0.12470690578978441,0.2286492339542886,0.13095673083710557,0.017326491494767376,-0.044435282231080765,-0.29321132354550145,0.033424500595087635,-0.07568759434107893,0.11643179848910933,-0.008333029650551865,0.5542456154299296,0.03297893800596881,0.06026178371508462,-0.008516814920345813,-0.16882549193927762,0.4649326566756401,-0.5952625767670509,-0.07659147131186013,0.3190608884871231,0.19010781595545423,0.1539685290989532,-0.024103888157371724,0.14898996959539917,-0.09413497334115759,0.01246904449844311,0.19607146545249354
15,21,15_21,0.18267062020830319,0.3465995051879929,0.186810024407226,-0.33800230665920167,-0.13530989067979235,0.13006444238594125,0.4598555036014009,0.14605183045638737,0.11406491863164651,0.04326851711169424,0.037787777751543496,-0.09373943647577324,-3.418192987653567,-0.046624582756574426,0.13591398985582304,-0.11943741029409782,-0.021022646565722704,-0.06684637365009895,-0.24203987769250832,0.07355127217644641,0.26959644659117954,-0.16081416246245545,0.24573857470627233,-0.08183773970803124,0.11872454489361463,0.21144561971829712,0.14130114109081468,0.018666757253540615,-0.06602275432517818,-0.2925121466420127,0.03340545662373998,-0.05793241316477429,0.11397748334013083,0.006546137002792868,0.5207972688005678,0.041383110023388056,0.054428403134769314,-0.03207925847256369,-0.16628452810262653,0.45456240731912,-0.5982014526616224,-0.07524428963282033,0.3084521697358991,0.1836983173674092,0.1575347339698093,-0.031122107173897053,0.16687066755769125,-0.08588814382026311,0.024478207445735718,0.1809469168292543
15,22,15_22,0.1788098758254073,0.36801931765933105,0.20613622117759436,-0.3297548951603434,-0.1365917561806152,0.11126333138070026,0.4838476695645861,0.1373106758191179,0.10914184498611054,0.01057769121898213,0.04472024203192161,-0.14260705897043396,-3.4352696588000895,-0.0799019879699312,0.18464765748849127,-0.11888731173786103,-0.029594800341844675,-0.09277642000221385,-0.26738949055142425,0.061347485721606844,0.29227463913429075,-0.2036937628281865,0.26586702173884286,-0.06342944110318412,0.1080150983039286,0.15000385543400596,0.10845070321902645,0.002684308001818942,-0.03678204517444331,-0.30040082197465773,-0.04302838358521375,-0.05451783254110687,0.11396640308023301,-0.0010026672056884435,0.5080965533963979,0.07568417105613201,-0.004072251994141907,0.027273923690381147,-0.20213278306736845,0.4983614066486966,-0.5811613177108719,-0.054597162765124635,0.3816119525750927,0.18593322874734172,0.15210843668377727,-0.02308934470056247,0.19674762084497105,-0.06679820494056751,-0.010205576469935912,0.24992680580095877
15,23,15_23,0.1726288854934987,0.3552754783644857,0.19478357605511168,-0.31231259600566863,-0.12290119293246284,0.13646802676974307,0.5130092878421952,0.13807590386817303,0.10313744432457572,0.01936204356933178,0.03041225442161608,-0.10995696086705709,-3.48270396789237,-0.06839838975420752,0.16623286906200213,-0.10986647491719594,-0.03199916688111176,-0.09706134192418536,-0.2588938722202009,0.04742194700701648,0.27130485736236476,-0.17575166427982802,0.2564687008591985,-0.05844981202627781,0.09281480329549391,0.1988733312729414,0.11124565903093453,0.013445185892899201,-0.041718291329602294,-0.28508502092258003,-0.014956414560232237,-0.052330387715914396,0.10061961314838817,-0.001842590362182205,0.5176672557539347,0.07776356685880563,0.014343360938383743,0.00561390455848631,-0.18598989405657668,0.47218366158226915,-0.5764022621457128,-0.04981031485261788,0.37632390317586145,0.18024914892792762,0.1625293889876484,-0.04347657983091217,0.17782964673121704,-0.06554063793221815,-0.019042996135501627,0.22621589223461555
15,24,15_24,0.1901801262615801,0.3341778324690923,0.20231707538119095,-0.33081635853462377,-0.13491303031318605,0.11868658225719618,0.4725248979704656,0.13913619666669247,0.11348359561620787,0.039938137254196523,0.05574898860460193,-0.0917100846949933,-3.4059180186735536,-0.052400577732138104,0.14851280447875,-0.1254273821556208,-0.021076302557211015,-0.07311108143851712,-0.260510304207441,0.06861673018258431,0.26715670301036704,-0.1656711765569697,0.25740743291561335,-0.08836766051453084,0.11573693374701785,0.23005094448295907,0.12774688533518397,0.009525802476181249,-0.06829064260626364,-0.2958226955978459,0.007904591939444074,-0.04332800897568755,0.1199842081328375,-0.014487752269773248,0.525297444501379,0.0513109647069283,0.04000591588613699,-0.010482975106157123,-0.17345988253488578,0.4556882035959868,-0.5863572302520019,-0.07159058608471915,0.3027638645441639,0.19416019876879223,0.15085436357322998,-0.04730925969857851,0.16445231376674072,-0.08072388151522748,0.013823678384641425,0.20639800607821587
15,25,15_25,0.19691518965456134,0.34023855758564087,0.20621519700709967,-0.31195695085756503,-0.14131835621841393,0.12717814573667027,0.4869231195632991,0.13209599973001537,0.10776593131991029,0.03187640559803429,0.0680739206469586,-0.09098792141434112,-3.4303946750029803,-0.09844113145849792,0.20011855011147078,-0.14834354894210303,-0.019687941494456462,-0.09865931286733938,-0.2670271775784777,0.031622593255902956,0.24922824232305021,-0.17534086592846204,0.2696377724974104,-0.09403314677845416,0.1294442265303882,0.23919064352215574,0.1172659354044486,-0.005760516398683553,-0.08143242442113463,-0.33961757507418744,-0.02482123538498753,-0.04451998074400217,0.11833479671475133,-0.02990128188224004,0.5158970678236128,0.09391620622622061,0.021389948076935644,0.010534634447632703,-0.17526748448797558,0.4435467444795089,-0.5362265024920818,-0.0733409656272855,0.3263438797675437,0.19614888585202112,0.15037808453735935,-0.042960723413335455,0.1939853577977712,-0.0342631969034378,0.010388615278254467,0.21585980714188088
15,26,15_26,0.1903580789161196,0.3356052015712096,0.20071094553477498,-0.3183485072299895,-0.1332420891264217,0.110738191229642,0.4670070060237585,0.13404823807183971,0.09737873231200685,0.052049455815372486,0.0673549991622939,-0.07801731741528305,-3.383149883741721,-0.08911085081685557,0.19063249582961342,-0.1423735733095891,-0.0013743700979692278,-0.10398662417170147,-0.24668266734954583,0.038361583542667686,0.21733636721982272,-0.1317858214291522,0.29847616366708013,-0.11898203618488151,0.11992204580726808,0.25738319666371806,0.12459564200839626,-0.0033617044000606353,-0.1106310579678464,-0.3015949532522452,0.011945151074336172,-0.02876459098697195,0.12020021685229275,-0.03670529617520843,0.4947674969915142,0.09642114997543046,0.01270020211940938,-0.001210143564844084,-0.156974166408883,0.43236126759783555,-0.5257949062796722,-0.07117582715029032,0.30364968428139033,0.185458793025395,0.15230347869077954,-0.050051639788404136,0.19138210275972328,-0.04411989443482216,0.016684419532127338,0.19366450918378764
15,27,15_27,0.20262969619301477,0.3461942230125389,0.1910686373484651,-0.31801551421843977,-0.1469478347514712,0.11816834863789359,0.4801104713718924,0.1466064902113924,0.10834918200477174,0.059547576899143806,0.0690405673023932,-0.09231408747802997,-3.3819717889342775,-0.08445535481580277,0.16642946078326276,-0.12539113073694313,-0.014060358066240917,-0.1065019552070972,-0.23186367926697568,0.04126573890979027,0.2222970833953295,-0.1462794320827841,0.28247627913755413,-0.10044399520892736,0.1015813409258044,0.24215982798613972,0.13706540802667797,-0.0037912344705790025,-0.11655104204169943,-0.30131333394336257,0.002979977938919964,-0.04862206191514579,0.11301852306042752,-0.031006247544026755,0.49016868869613267,0.09378395806843065,0.014805636951681071,-0.010284811064485503,-0.14731674045182525,0.42847305466581825,-0.5300440515118625,-0.06287724995342327,0.30843476282821314,0.17254553110264842,0.14974595140105554,-0.05384855791444611,0.17551369713909887,-0.05391832886371574,0.01218608628373072,0.18558815856437103
15,28,15_28,0.19987063385024495,0.345411010498352,0.19567904718120435,-0.32188453605122586,-0.1314040794480074,0.12192657070628218,0.4840459358957481,0.1437768464486609,0.10398946292012827,0.052995129272849786,0.0664826752287034,-0.10549943057598868,-3.3717390779507013,-0.06747333099872058,0.15927376365654147,-0.1091078960555778,-0.008330135688532064,-0.0929392798829473,-0.22604865789396206,0.05685173419688291,0.2353324638654472,-0.14237901029879813,0.2804291315862685,-0.0985374929052332,0.09195472853371074,0.2534431862721671,0.1408395947736956,-6.565409166437292e-05,-0.10973130131521217,-0.2830978069789305,0.024749490596946144,-0.059299074917376675,0.11645712232018855,-0.025316244220608318,0.4958225729735137,0.08014763808212952,0.02884670837030654,-0.024389895523975913,-0.15479244607649753,0.42771579451177755,-0.5321668776140813,-0.05317211573332315,0.3027321340453834,0.17678750984682587,0.14635903826384875,-0.045969786084635055,0.1758873312866867,-0.07700934864333428,-0.0003385131426707462,0.1689122181406739
15,29,15_29,0.17935584552941744,0.33673471285499273,0.19432667281175922,-0.3122203322437025,-0.13736881147710114,0.11650498266299669,0.48264327616989267,0.11230757194508043,0.08833578706686983,0.03686113750858268,0.05022657179666159,-0.08628144314569239,-3.3976988067395757,-0.09265311275389032,0.18751807581366184,-0.11278746620652239,0.003165215106153015,-0.10993738435465628,-0.2626314956362542,0.02406273466102513,0.2217770161369275,-0.15098380136530132,0.27007201908304795,-0.0880942101310803,0.12037866812293928,0.2768270893877113,0.11044268060990901,-0.0017405332544006375,-0.07944894249186647,-0.30788062401932875,-0.0049441881835236255,-0.036610560453682967,0.1204977853731367,-0.04612723367972254,0.5047665015296309,0.09006070865934569,0.0321099138304075,0.001485686874372944,-0.15587470755909416,0.43618544692896666,-0.5334319671438862,-0.08513287903801815,0.3318490345147136,0.19311598793783658,0.14513337184971023,-0.03701503040615264,0.19103250488493936,-0.05900696941567092,0.010663656931332394,0.2029433684532192
15,30,15_30,0.17597305613742803,0.32094549791166793,0.20064418400208955,-0.2999015303807601,-0.12157111337618708,0.1269127968937354,0.48352713093115424,0.1166567135831173,0.09551771660758304,0.026179707559230474,0.04664209849256265,-0.08834970221238037,-3.3925729939673896,-0.07271155118729658,0.171009323536007,-0.10840973620145475,0.0015112742045668807,-0.09160745854074599,-0.24273889217977812,0.034886325127541994,0.23071602585026219,-0.1537657906649123,0.2593717677634927,-0.09908216782386654,0.10362664562954259,0.2671233313736825,0.11323069075958246,-0.005110766742967335,-0.08157903741222644,-0.30433108062968106,0.010506840124572162,-0.054417713849737766,0.11395467134295291,-0.03312510964203959,0.5097559765784263,0.07571226219849278,0.04493065032848452,-0.004984831583922636,-0.14381165778757132,0.4368933050483149,-0.5392492986726564,-0.07014000395393258,0.30738672704597286,0.18111491780673875,0.15030249697255757,-0.03744730979772785,0.18664654457884672,-0.05472287346421983,0.00604732666650907,0.18314544336166746
15,31,15_31,0.18442783907493307,0.3331299582257509,0.18439729043966868,-0.3211294143685171,-0.12325177398474445,0.13026636917672707,0.4761964946706257,0.12633450246294495,0.11691858274037621,0.03121787443017187,0.049296456353424625,-0.1080729358637674,-3.3746311368521984,-0.03712108591676934,0.15951941367333217,-0.10524577322649797,-0.004978287319820487,-0.07802494539360348,-0.2308096198333703,0.06057483840819775,0.2405602861343991,-0.15614229121620965,0.25722849265477155,-0.09950847710519344,0.10342411310985436,0.25011976002737585,0.12635129496884334,0.0077001852887521,-0.07696362260931347,-0.2922009926361624,0.026550127273435177,-0.07368140180505814,0.12401925046936026,-0.021412730026502524,0.5278839411635672,0.04421173680655328,0.045773554471283555,-0.01664229654297547,-0.15554453527314432,0.4523618659284899,-0.5796345108716298,-0.05845596819036852,0.309757502715412,0.1742198651462387,0.15669532149513843,-0.04059379640533532,0.16322210335867401,-0.08266683733724618,0.008221470062213515,0.17639975745894915
15,32,15_32,0.18851845235447398,0.32922062661738466,0.19756542336972951,-0.3214924030857561,-0.13008251736139168,0.11577904514252783,0.4571985358690076,0.12760331540940303,0.1076556244990292,0.0358762521838242,0.06681009331669831,-0.10275444153859793,-3.3377592051379823,-0.03342820092864499,0.15182198302204009,-0.10362339700387298,-0.011415910707060795,-0.06584458886172369,-0.23060709518404432,0.061925752632737655,0.23801536160183948,-0.1517876117209808,0.24716497346012414,-0.0993229159922339,0.11198383223074522,0.25937339535142256,0.1266533141345152,0.0037220170017612606,-0.08274428433968055,-0.28663773995046915,0.04103028944684946,-0.055891384032078995,0.12594453138776932,-0.02714290214337833,0.5459728307630319,0.03943042919334189,0.056440814382538736,-0.03306771618370369,-0.1467155405528833,0.4296228404712918,-0.578719375490841,-0.07916671695276363,0.2839318366206477,0.17335106266290334,0.14369505830081727,-0.04612803645678522,0.1442518185643712,-0.0850775221186375,0.025729914022419562,0.17268019125459594
15,33,15_33,0.18702122326257292,0.32371123340904423,0.1945436715367126,-0.3371969273679078,-0.13062890156814022,0.12689702735560418,0.47845783410220566,0.12962953358192278,0.10585969272269419,0.027841993908120054,0.06189615755567173,-0.09233484305371557,-3.4194995896833245,-0.041386309525249285,0.15599133345994817,-0.11596032022372385,-0.022895339651692544,-0.07956647963271977,-0.2576729550402149,0.056869024044851085,0.2535575373553857,-0.1686111381223866,0.2507087237303702,-0.0854032256826169,0.10662322726170229,0.227702935948759,0.13475291588627597,-6.974114177925465e-05,-0.05768344552767938,-0.3066239793707456,0.013597312118816051,-0.053770567297086846,0.11694047784789238,-0.01531502847155027,0.545129018471407,0.05484818422372841,0.05910105102985803,-0.007289938653266636,-0.1657760611346876,0.4541678076237772,-0.5881425489935882,-0.08620840622506336,0.30243443275637893,0.17714618676934482,0.1643497926146786,-0.050280128306679814,0.1500438191885489,-0.07324252538149434,0.0215071190111374,0.19770185356226178
15,34,15_34,0.1922997947222367,0.3170523492828226,0.19708472616398715,-0.31347414171874405,-0.1169838789336221,0.1307118801100582,0.49278786652434836,0.12970777804831407,0.1041747768996802,0.018004794302333208,0.04525012483996165,-0.09656807824990021,-3.4017058452513953,-0.04262023878021168,0.16820434068625142,-0.11521706070438616,-0.029175540879711147,-0.09312229394946074,-0.2382895722003671,0.047295463729916824,0.2415406511906617,-0.15213452824444884,0.25936729410782905,-0.10330743046356188,0.09748295811847875,0.261436567685685,0.12431158949015131,0.00013437933534709987,-0.06289279789281221,-0.29838140763367943,0.021199642024469598,-0.06683495097742198,0.12043908929299203,-0.02318359132898965,0.5402558948267429,0.056518167997626094,0.05331069375545858,0.0022607445793360764,-0.1613106838359722,0.45121067369895435,-0.5627919234577182,-0.08274416348022355,0.31321048998174755,0.17577762341491598,0.1480792130343872,-0.05728162263656013,0.15149020301320845,-0.06626425345613858,0.008697842172614646,0.19706990541954306
15,35,15_35,0.19425227410310483,0.33397028265944667,0.18967641064827648,-0.33170516228069735,-0.12242863132037039,0.1224147317699126,0.47904449318780995,0.1459328226747468,0.12104270030472566,0.044581196184297435,0.05212311282490232,-0.10429034048284874,-3.385486210599973,-0.03334530959562945,0.14955435553023785,-0.12002000612775802,-0.02564045361332933,-0.0723070948564753,-0.24717506574354245,0.06125266648999489,0.24972452243810947,-0.1474296366791125,0.26017264588653644,-0.09735004453826901,0.09425306087968066,0.25283621861356076,0.1419249074921196,-0.006337159340174364,-0.07987990164111138,-0.2905691086017404,0.02859144761808025,-0.0658416955134701,0.11940751483210889,-0.013338571464735716,0.5336994653781786,0.043340754372399405,0.05941707326094691,-0.015783189146081733,-0.1508413666085725,0.4438101315815481,-0.5756488594555197,-0.06633518633355576,0.30229833735949646,0.17512330711202342,0.14278400101113303,-0.05756750634839231,0.15434351820785344,-0.08534502402952458,0.011476187407479126,0.1905808401414024
15,36,15_36,0.17647304664747818,0.33093658368253814,0.1933716541075429,-0.33255633822921327,-0.11183267307980639,0.12338687644747702,0.4641332567943233,0.131056918022859,0.11857509459031486,0.044111584375209706,0.04313053752521549,-0.11497830294005042,-3.363278331262524,-0.02380880273074227,0.14069164263331013,-0.10658073716697083,-0.010443856124782267,-0.07090394983279219,-0.24742484015615154,0.06817471843453572,0.2477666162886155,-0.15426642597205212,0.25751669130727284,-0.10062028918651068,0.10156620280303928,0.23328483724834712,0.1354130419165378,0.002118010822722893,-0.07518167506050895,-0.2732353781437022,0.041763883324337066,-0.05545938057947695,0.11704731002110402,-0.012520400266694303,0.5317550946494848,0.036061558530942034,0.054961465342444504,-0.025083110015633292,-0.1527113439275706,0.4532352474467983,-0.5904271534907117,-0.06904402741968149,0.3073076157797404,0.1737595525306691,0.15704937725256696,-0.03453091339138302,0.15520914506854333,-0.09942229381107566,0.011106584825544243,0.17993111472668202
15,37,15_37,0.13268896524446144,0.31547032235440337,0.14830702669623222,-0.3751426378688222,-0.12151870701371728,0.20050372484895645,0.43760372471607106,0.04449773988662574,0.19013058559767015,0.049095503811816724,0.004043608069389114,-0.13291064586833315,-3.192263995242703,0.03116838000241125,0.123559802688948,-0.09354187730410506,0.015927239631907543,-0.022372017650497053,-0.2831657167958069,0.0767776901582739,0.1652148884672253,-0.09684018994225546,0.27359584378867174,-0.08603965829832468,0.13763225971805357,0.26224623094040717,0.11264947691779331,0.02357886129674324,-0.15467874891008374,-0.15636303754569206,-0.00886718655950414,-0.04021927239803821,0.0816966433423089,-0.03574443804399292,0.42952518479081125,-0.06832726740526135,0.04646407127079043,0.0036221960688439937,-0.07438505732461365,0.49428859975038214,-0.5997591334028384,0.06578152596382898,0.3139114485228451,0.0945182983883333,0.1566082489860664,0.026345600462888707,0.16327909320333983,-0.08737998302126253,-0.0006240537121917515,0.1804651098781708
15,38,15_38,0.15645707250889904,0.29396736517398814,0.17051327683912015,-0.34490282432871794,-0.09520830414927645,0.20304142674010342,0.49425752976206105,0.06019752820838881,0.1984667686025351,0.058072029768653284,0.022145593968777046,-0.12000642905461106,-3.2743509566271762,0.03605157148157604,0.12294741944802223,-0.07995046577765261,-0.003452023127874532,-0.03709862193915831,-0.2715021283173911,0.05982227196785625,0.16385708971410512,-0.1075648900326534,0.28104559321997874,-0.07390765981712037,0.09611524047197112,0.27442065830822604,0.09397661601208626,0.010306361000342974,-0.13395572700937253,-0.17886591964623494,0.00132684621329457,-0.058076947574418114,0.08052614623640487,-0.043314888278383736,0.45418226479293466,-0.032207984398662654,0.05338398950626491,-0.007751365662724273,-0.0735984082327146,0.48466219885632955,-0.596602796008089,0.04226567171403578,0.30201992253380305,0.08344267725321766,0.16059392660612987,-0.01595919838291593,0.1460179612584022,-0.08166171738380308,0.004063218722557389,0.19069319178883504
15,39,15_39,0.17020182128060551,0.29191229453830625,0.179167695209099,-0.3390679092145091,-0.10323685354028861,0.1730399137362418,0.47394988101606134,0.07035859131411809,0.17788938618827282,0.044125481073266984,0.03635380056817055,-0.128583479338652,-3.255483296085313,0.042407368782292135,0.12774739853113382,-0.08394811684580349,-0.022321554914889817,-0.03057314511766634,-0.2545044727531983,0.06142663277550735,0.1686322639005205,-0.11707601628497512,0.2651020775041009,-0.09567495379044957,0.10817547449407387,0.2664649736743296,0.10467732260387612,0.0027199781278096176,-0.12188000795422047,-0.2139559890888267,0.026846831924087305,-0.07616445706622171,0.10703741049258098,-0.039328631557532766,0.5032349366236425,-0.024622308568442445,0.057514344606466074,-0.02038676804118294,-0.09223668002002713,0.4714675421971861,-0.6177123987402918,-0.0033983308434150004,0.2829725510745148,0.1060178110888575,0.15869082786775657,-0.029848713229033905,0.12968674052441195,-0.09650317762232159,0.01866577643130868,0.17704892950572035
15,40,15_40,0.18551145325471455,0.2839086027889731,0.18851457824814452,-0.35042743756597394,-0.11222818777101277,0.1692407555231775,0.4578403207546614,0.08464316503651499,0.16942374018205253,0.03263999408681443,0.059530791383006994,-0.1324665704060122,-3.219361034532388,0.04285280275353166,0.14117960040228136,-0.08849507007230858,-0.03400458890760713,-0.0346833808024419,-0.23108273941794583,0.0628825506131493,0.18963725493248818,-0.12576765015037777,0.26257854333268116,-0.1134365309173314,0.08984401818082409,0.26023167968728284,0.11320403424854658,0.011386746385421342,-0.12245750166350133,-0.2169216637773811,0.038072223686262466,-0.09747590370030902,0.11528309140519158,-0.03937569657727743,0.5121019458081421,-0.019117889053485982,0.06873036190640637,-0.028445138042902253,-0.11315028132376824,0.4665431054566015,-0.6137902979728673,-0.00804443058569418,0.29005719332725494,0.11693988057330366,0.14244047432574583,-0.017083012137152992,0.12181926198523807,-0.10106497244103722,0.022214068201815207,0.16828214652819465
15,41,15_41,0.19100622215126317,0.3085164249022252,0.18914837268162604,-0.3335683903549233,-0.10955373937731867,0.15748829423635424,0.4766101486320143,0.09841474847592839,0.15944594722601316,0.033907570750184454,0.05284081941502922,-0.13351946176352705,-3.309030586934819,0.024053916948501786,0.14848893317896128,-0.09689461469504693,-0.03414360543032253,-0.04837654391337742,-0.2407059935764002,0.06038014251279147,0.21139358553781537,-0.1504208800701473,0.2640281668798579,-0.11519563850378962,0.0910379660770869,0.25152392694419073,0.11339940267153033,0.0061489586082025295,-0.09412347665749625,-0.24718422573359736,0.039325712981159354,-0.09838549508064078,0.12410363222614158,-0.02647316669710489,0.5317690774398514,0.0013629700165358524,0.07615787623753677,-0.019346123477170626,-0.12205976319703801,0.4657253108819596,-0.6125044625738142,-0.02939110964472414,0.29273102215394137,0.13961412733121245,0.1570608259962854,-0.028286444205713804,0.12916900742570378,-0.10758914336608813,0.02050292612501543,0.1722535490634645
15,42,15_42,0.20148803619932906,0.3005770467426953,0.19224586081122502,-0.33259647978009393,-0.12320816259040113,0.14984142756495233,0.4613099008858734,0.12122652713366264,0.14041353147083896,0.009427929960748024,0.06193403948573194,-0.1320922261222856,-3.281197143033425,-0.001497798405686076,0.16969581506927772,-0.10810185791826123,-0.04778663797117181,-0.06154394065445748,-0.2246797888299986,0.04854351006543377,0.2265621994968354,-0.14645354692452775,0.26283048032097517,-0.12013235120542474,0.09300157177975814,0.2418640790154517,0.14096959653123134,0.006562112071409105,-0.09344910365979635,-0.2772057718946178,0.033024103461678216,-0.1011496173138834,0.12633095774646708,-0.03679876669490718,0.5329816601224046,0.019390085277817524,0.06400018951123256,-0.013307192384869939,-0.15386556240789984,0.4596752900096029,-0.5842102977957379,-0.06479719868230141,0.299714711500491,0.15644195865082636,0.14542551161647407,-0.03493617203461302,0.1311593949583105,-0.08647940160864616,0.02410144320712481,0.16656945443291368
15,43,15_43,0.18525113902187115,0.31161989850037214,0.18475791173264228,-0.31795113236341055,-0.11522928725788435,0.14466990982136424,0.4750714446122421,0.11602932169054833,0.13620054987255503,0.02387919929265499,0.04075477234370237,-0.12483272925640962,-3.3388180375267793,-0.01849012219187668,0.1535788820112566,-0.10254414245555844,-0.02691597647844258,-0.06462860391527951,-0.22552342471442943,0.05893418320629074,0.2345054517520505,-0.14928395137918374,0.24810460218894617,-0.09285870472870683,0.09328008534619256,0.27113555841327647,0.1281416830382511,0.003594567651726711,-0.07768712452416933,-0.2724101206187628,0.0252253189277277,-0.0764727746056523,0.12212648118956936,-0.020936041370291418,0.5157152078600364,0.03184183541261094,0.06064867805551979,-0.013582204367575089,-0.14102466661383264,0.43632503118842864,-0.5598797962369338,-0.05063281960518144,0.30662070409501174,0.1414288548036843,0.1500702882928817,-0.04364222037361255,0.15393752864422178,-0.07041778322925706,0.011032340099756465,0.17698911171251686
15,44,15_44,0.19013929821795886,0.31284684246172256,0.19666189972318016,-0.3362629737806944,-0.1170679055977951,0.14367450517560842,0.4725343627558693,0.11641865808369369,0.13245708007174273,0.03868875652208291,0.06615070614430527,-0.1171288545975943,-3.355675585305646,-0.008014564076133338,0.16191934155712728,-0.11391968230716966,-0.02457515204115542,-0.057130765272528965,-0.24884639058128255,0.06311012090905177,0.23191375235506126,-0.15659259850863883,0.2622554213759116,-0.10128632253495172,0.09585194673519128,0.24012098942108517,0.12912690768439988,0.0025560831602067426,-0.08690153036431378,-0.2614402156346739,0.03968657130014268,-0.07499512750471198,0.1260948166606478,-0.016461741298662538,0.5387339768300577,0.028425659851104804,0.056465660723155495,-0.028435582297458226,-0.1517543389414736,0.44900868176482617,-0.5892210879559325,-0.053622915813787,0.2958186004993642,0.15089974299350958,0.15862801435672982,-0.045372115936145985,0.1380661394504206,-0.08502874400210306,0.022158773182113026,0.19316215171611237
15,45,15_45,0.18224348026988357,0.3163668094407044,0.1892661040282154,-0.33006442590285034,-0.11516128603852298,0.14113794392879672,0.4768591385269908,0.12017387974468544,0.11640823017770538,0.03257546334309815,0.062261442582001274,-0.11477058269254374,-3.354781543395736,-0.02288327441108942,0.14481393531331735,-0.10429516044900855,-0.006639147226771015,-0.07322343136790248,-0.23749908094216537,0.06070740496939062,0.22371120654570403,-0.13875342118000955,0.2649320271654605,-0.10555555178013465,0.09517513499255405,0.23715846048223532,0.11973478488953057,-0.004308565907095644,-0.08834800092595149,-0.26511758636528004,0.02281865271629682,-0.059887481262910915,0.11377778424664002,-0.017444014713460507,0.5247712089696892,0.04507173029686039,0.050435613184996245,-0.026125430110021792,-0.1374373820326913,0.43429839610678644,-0.5684125977051515,-0.05921784725206001,0.2949445451407827,0.15110014325054538,0.15538582882395116,-0.044400842818074375,0.14948154427256669,-0.07955777660135109,0.020365132408904064,0.18446371213473012
15,46,15_46,0.19461138268535455,0.30227078481040903,0.20479516788376373,-0.32288752259399045,-0.11004770567164703,0.1605015072309839,0.4694167141070726,0.0982957223878357,0.12016448973338152,0.03384129190148291,0.056843278734178125,-0.11505273620052225,-3.336667597967484,-0.011728324301903958,0.15532517476785954,-0.1072880027950716,0.0013325592726481743,-0.05174602948703133,-0.2381736923564285,0.056660674011360365,0.22818836443201423,-0.15007033611389003,0.25072169270344674,-0.11592012459346161,0.09261745670813971,0.28297458894097843,0.11986001411274069,-0.009936506283566791,-0.08889594855996877,-0.26988242195948375,0.05581324201257154,-0.07612236397979136,0.12981015041098326,-0.01687677340600705,0.5381085662716029,0.023326953509728122,0.06488296787229288,-0.0254553047262694,-0.12263067393431416,0.4374840820170264,-0.5659977144349202,-0.05135247095455165,0.2699366597336588,0.15509326110167693,0.1573923815150937,-0.04177155548556753,0.14076201193771568,-0.07439659029237046,0.019877339286381447,0.18696532826188791
15,47,15_47,0.1964836165132499,0.3166771663166326,0.2134451757436479,-0.33544596028550816,-0.1285024684895574,0.14647913448971167,0.4803028014269782,0.11012482329831114,0.1021608610790693,0.027743520513083566,0.08019159158233058,-0.10463939859534016,-3.381163067937647,-0.04477759454156449,0.16664498553128287,-0.10739325744544892,0.008424245752280941,-0.06950227578678358,-0.263349002989854,0.03846890158790571,0.232409000538477,-0.15071983695458166,0.25196565558559864,-0.10314586558208545,0.10131010590809392,0.24719205858878157,0.11713246487177331,-0.014047861130863835,-0.0854400725835423,-0.26824746332006855,0.012842742699125574,-0.05928092207955246,0.11645879745188699,-0.028856195289539664,0.5082028852484471,0.054769214654470204,0.03325577927961998,-0.014801964502812381,-0.13870338052295683,0.4356102408270158,-0.5595130307855705,-0.04521232439115726,0.29406015609486946,0.16544328033517747,0.14802318338066506,-0.04047572217096791,0.16254847386521332,-0.055523605823366566,0.007566510464053611,0.1953202960416184
15,48,15_48,0.1983577230201961,0.3139209951764075,0.1918814899934688,-0.3042364121630834,-0.12314004812673963,0.13859356557241398,0.48816592266247244,0.10008050302002827,0.09543970347606658,0.03482064274512049,0.048029722525082696,-0.0862200568344258,-3.407607773638892,-0.06798394577850445,0.16271539342183666,-0.10969431298910028,-0.0014571349224678724,-0.08715195181158657,-0.24833266428643205,0.0340986535667415,0.21597527096974456,-0.13833977208503867,0.25842789416265244,-0.09856475966836796,0.09993047742937526,0.27028553461268123,0.1230610910751217,-0.002445087381227485,-0.07803490275489598,-0.2919903183916423,0.012630984688623913,-0.046980389634513134,0.11694434932341596,-0.02215760028738694,0.4971968154710178,0.08231029329924737,0.027621829358600358,-0.005090477793377474,-0.13843858593885786,0.42487180714535605,-0.5380100436506832,-0.053366445755333954,0.2893477425644875,0.15543772718157817,0.14072306538853063,-0.061579155096134555,0.1704155055832941,-0.030936981287446572,0.0008882429298772124,0.20008660470286804
15,49,15_49,0.2068862953874027,0.3086291418511024,0.1978135303776654,-0.3107024531257281,-0.12816066447992755,0.13510769703717465,0.48384456643318446,0.11543018279755374,0.10148035460420367,0.06516423206756254,0.048028348738223606,-0.07739609947820529,-3.4223022709235664,-0.0756063347422455,0.14172490548803973,-0.11786517566769922,0.003457470283844639,-0.09822776597784857,-0.25134533980668855,0.03310276288558339,0.21191515650781542,-0.12965438129612258,0.26422368120258977,-0.10352490007259317,0.09896056263239361,0.2825018813701916,0.11940961267442482,-0.012325432096303462,-0.10482627337814578,-0.28942853889199527,0.0177496516223565,-0.03258505525085595,0.10486923004201223,-0.026796861991597955,0.4773200587176541,0.08131950270977745,0.024856894752589107,-0.02249814854402109,-0.12848749423868105,0.41344050642278796,-0.5435380963192671,-0.04493522590355027,0.2656706398967228,0.16893529293158457,0.13577317716933018,-0.06483784269774046,0.17975273793160434,-0.03500668492700299,-0.0003900499818907922,0.19307462719817423
15,50,15_50,0.20261672601342876,0.3081133126734755,0.20277525064631743,-0.3177446605341517,-0.1215434136710919,0.12986544948306786,0.476992060976845,0.10438226183933942,0.10102604652412396,0.05202074061901541,0.041573409223424555,-0.10780857162383975,-3.374951251559249,-0.05028667712232526,0.12588673154405974,-0.12067197159864809,0.009569376887858262,-0.07027699679679177,-0.25408085714245443,0.04864899550585036,0.23074271000886898,-0.13440632596781416,0.2587817306646666,-0.10801590906588462,0.10009378032798218,0.296079990338864,0.1255376741593708,-0.005937031048381489,-0.10783130420369524,-0.275201892492014,0.04547608711102182,-0.041963573697277635,0.11763450002301334,-0.024529035652363345,0.5059344542863541,0.04457072507087236,0.040575953169525586,-0.04197512169081911,-0.1289871242804034,0.41829081951537284,-0.5600611096159589,-0.05495125147352887,0.2622589725515479,0.17348635469281523,0.1292289552731883,-0.054678911727255246,0.1592957828883288,-0.056166058831927324,0.0069152334971783165,0.1922416043148704
15,51,15_51,0.2094081593166574,0.3162797277673873,0.19310952553086572,-0.33001515464281395,-0.125501955909675,0.12741314111719831,0.4781781364077543,0.12220582696887945,0.10373582523140522,0.054413234314309354,0.036857404958854936,-0.10158123868586244,-3.3871224079182425,-0.030516613566244227,0.14199399998190373,-0.10279968072564935,-0.0018959254465449559,-0.07911290215798507,-0.2537295088443956,0.053607167553545734,0.23413512023747607,-0.1269299922127788,0.2518817214774429,-0.10573137439538016,0.09719784910900704,0.25481371946191866,0.133775248298687,-0.013258754257218574,-0.0935929489731627,-0.2700865704267765,0.03666390754330203,-0.04456540793441713,0.11203347581387305,-0.015599087416807914,0.5003938050888966,0.0469300126710306,0.03516703648263322,-0.033416757200107804,-0.13956028943647625,0.4307535638185731,-0.5826683903238673,-0.05052677838824678,0.28549905021558847,0.15613590827436194,0.13518710265945905,-0.05179645422444083,0.16252855526340632,-0.07003420399044091,0.003949783211637083,0.19077334975715093
15,52,15_52,0.20303506429374585,0.33557164171834947,0.2094163709347682,-0.322480368880161,-0.1371324818688803,0.10829840891401438,0.4516451556339051,0.09517473589075101,0.09033475635062466,0.05820418185849444,0.09685221744311895,-0.1069242069710903,-3.3407621255287756,-0.04669486863294771,0.16989813554386565,-0.06458643436283007,0.009779722679932684,-0.06015170847124988,-0.26388312454988766,0.029004425847418632,0.22619610298025428,-0.12005101744547164,0.2668425467532795,-0.09928536196032638,0.09955910962077062,0.26994914887714083,0.12179407468784215,-0.017348222924085038,-0.10134885515068787,-0.26627168332754575,0.003132084349687652,-0.028830041831115413,0.12485169507805934,-0.03985221907647999,0.5028390504347819,0.09217535545296048,0.0145749790374885,-0.027823531254701928,-0.1417290934534246,0.38716688234921814,-0.5226136544767558,-0.07868319417642065,0.2852854030768383,0.15792369876633303,0.13679233197478946,-0.08306405956568058,0.15714664289933772,-0.04651746739673507,0.016181454473841915,0.1955282324322323
15,53,15_53,0.21673586831488195,0.38402407806579036,0.21175461661778805,-0.33689203910651844,-0.15420115257377068,0.04123191681825008,0.3552247997528833,0.07808769018168962,0.09120199532540264,0.1281426350070609,0.24066786871461618,-0.09381545850185827,-3.187686230170504,-0.06592445239858186,0.2380559639236753,-0.007437054496914463,0.052010000832939864,-0.08106900938649722,-0.2739730211535707,-0.003491176101447846,0.16028591084304072,-0.04288394036574143,0.33268539318385904,-0.14238373403484178,0.11558290958866277,0.26175855340325754,0.1470495987055405,-0.05544284522441739,-0.18014680287150023,-0.23589427447554936,0.030694978269121202,0.06017274660931504,0.15269383978894105,-0.08955729248971203,0.5059309657077556,0.1662502569753441,-0.06865309554295533,-0.03735209418853518,-0.13297656941985747,0.3369343079191288,-0.46694183762351604,-0.1214900222232869,0.2595905731306135,0.10072684405709897,0.1355714576548639,-0.14832927348949146,0.11436894690621903,-0.04177943484294068,0.06527622922516901,0.134630675706275
15,54,15_54,0.19583969680505278,0.36277080384098204,0.21974324483443025,-0.326808206343935,-0.14233195181307828,0.06327058830514397,0.3883645714223013,0.09753278958230958,0.09244908936137257,0.08617261616131322,0.1904428567879967,-0.10707068715019687,-3.2145637123525495,-0.059570335346503606,0.2299733802571662,-0.03066853734130624,0.02031544941446881,-0.09669818707562068,-0.24160352344404967,0.0037984600342514216,0.1666460114031717,-0.06242271281303983,0.3171406476957114,-0.14777047849861952,0.0925437352387076,0.26416432677220286,0.13921024381319083,-0.04985855143618769,-0.16566415107734364,-0.2510837200124162,0.022367595297549198,0.006891064876918793,0.14934793029793392,-0.0746558380907422,0.500869961652982,0.13931321539507932,-0.03548350727065757,-0.025430227147771028,-0.1448259981968984,0.3639213637171099,-0.48918913861204477,-0.11225463846569649,0.27972139148874425,0.1140326910850491,0.14218643731510713,-0.12316550714876898,0.13391694991412675,-0.06767420364926174,0.044181028576255194,0.1329585028468222
15,55,15_55,0.2213226994413518,0.34467077390214873,0.23472820509042072,-0.3786047629039869,-0.1299180329438854,0.11014653901626628,0.39172116816420655,0.07536759524259454,0.03881379210840619,0.034651472549012394,0.11374438484140294,-0.16669700779685553,-3.279113053109335,0.007496986442775879,0.18928641452175504,-0.07933370484764884,0.038638348919837896,-0.0565319884534639,-0.2834842892749891,0.07409612131586939,0.20869367910334774,-0.10131742983640583,0.2988346049740235,-0.16244968724379974,0.1497414967522097,0.21701980485046202,0.1625068383712385,-0.06951240224964525,-0.12740854168823804,-0.22756024157132246,0.034717539902993706,-0.017556352991622576,0.15235398357901678,-0.032585711517616724,0.5527351632334094,0.042440865367143706,-0.007780992384108036,-0.018515157214327796,-0.1684510304559931,0.4237286216777621,-0.5911367464843229,-0.058332582092804584,0.3273692509862437,0.1249792004531106,0.17204545723463596,-0.07228655105895095,0.14328987691599426,-0.11276509730454089,-0.00609286684616146,0.18176163214975619
15,56,15_56,0.2246134580643079,0.33853807138992265,0.23362755977679484,-0.3621327662805448,-0.12981138027956776,0.13208685939208029,0.4490003842978006,0.09537077866126195,0.05326545676306903,0.04639206224503883,0.09374736955097848,-0.1350468111136384,-3.398263357680978,0.005861821406084275,0.18549416556837686,-0.0779414144764161,0.0263060355166231,-0.07199902757565271,-0.297609666981165,0.053112449754800624,0.22077830218252892,-0.11721254405106397,0.2812766302201374,-0.1349744615654486,0.11359785669410485,0.24555165653322705,0.1565510210278271,-0.07073350939240608,-0.10280143457770888,-0.24461670996032392,0.040920474191274106,-0.029951952727383595,0.13006723152903205,-0.01847852657298345,0.5570976250317825,0.06644719566740728,0.005245848810327251,-0.023933612225516203,-0.1475210159963892,0.44242678467593033,-0.5991410784075235,-0.05957222352215785,0.32409203744834475,0.1254983621695219,0.17994286957581457,-0.09626832125316125,0.13345255589024904,-0.10031352112884492,-0.003639912618128063,0.20233180354804522
15,57,15_57,0.21482788665046512,0.3357866708583561,0.23974622082399308,-0.34065279766608336,-0.1259366401861854,0.12971663176322124,0.47822821887774,0.10073128494552995,0.06878423627141708,0.05081658820687945,0.08465076117959372,-0.12251667697211024,-3.420843240888169,-0.006846570844883076,0.16530581849338397,-0.08051368022074502,0.0052919958563746265,-0.07948026832129917,-0.2916143740557649,0.05567949995810403,0.23148360103416032,-0.11636670373448918,0.26941792137008064,-0.11271116649974657,0.10162356134578959,0.24112466529121745,0.1312845946971396,-0.0622296939355743,-0.09060008262017989,-0.25367896415849894,0.021695632921296004,-0.034899347229559695,0.12062502036118507,-0.01173479637614822,0.5381812860933788,0.07923535288526913,0.007340431884311227,-0.015485389540087921,-0.1592521367579126,0.4366174394043395,-0.5811616775572297,-0.06524694852834027,0.32626464271872524,0.12996288892074181,0.1682761181401806,-0.09372403085368303,0.14121099689730324,-0.09079716514007158,-0.005849314092973103,0.21186086519430145
15,58,15_58,0.20930983185137447,0.33569461445746274,0.22097237636168607,-0.3385117097280336,-0.1278912443645112,0.13203802964479122,0.4797089422765652,0.10324689305517963,0.08808088257294602,0.04352163598884088,0.06244950076718603,-0.13086721041016963,-3.44144587839894,-0.012159904390751848,0.16513029461500575,-0.09241483605232384,-0.011761544528868056,-0.07343948518351522,-0.2823225324881057,0.04916424997527582,0.2331109412034671,-0.13280337237640308,0.26260670639997075,-0.10525013084589231,0.1104869842461388,0.24880593408271318,0.14939331141656406,-0.03696107318598788,-0.08284738984573178,-0.25926745715096394,0.031907360780304976,-0.04479419715174941,0.11242010387131844,-0.0039085074376294495,0.531947696587284,0.0719972334464076,0.017974847786398785,-0.011569551725245491,-0.1600789993805547,0.4406423978854021,-0.5827667891413799,-0.05895839902394943,0.3179949220794767,0.1343766046217651,0.17288663930706785,-0.0836493835915707,0.14315994650035155,-0.08861329332155254,-0.00037937372902710844,0.21679526190274442
15,59,15_59,0.2107011426885728,0.33115100319063456,0.2211618996880954,-0.3270161434547146,-0.11257912472104246,0.13648828926675446,0.4878050290264545,0.12296410693894183,0.0992435323862417,0.05778270172817021,0.0653655220064649,-0.11182050293548902,-3.425626455414371,-0.012504239686013451,0.15297130626962105,-0.0860901758517071,-0.01654152692633884,-0.07119415163013616,-0.2672645350643503,0.051499627254508865,0.2334535282128671,-0.14074211869091585,0.2582278634623798,-0.09620927296140132,0.0959308130123178,0.2392634462137015,0.1420775219355316,-0.04142754266742526,-0.08542047065518095,-0.2532183535773331,0.02920115716127617,-0.05301842647335885,0.11395974097613208,-0.001702988628516928,0.5381582302136191,0.07497516740142211,0.02588848730776591,-0.021048902439068703,-0.15494757883582239,0.4446467139193814,-0.5966176943101351,-0.06935361473393838,0.30904354411136314,0.13152389749419435,0.16353563402544027,-0.09169635576239968,0.14143173148611557,-0.08791567074710706,0.013165746106612093,0.21045240615786612
15,60,15_60,0.20741325283027026,0.3333168035965033,0.2107406905385365,-0.32939604488077523,-0.10384705931623413,0.14106408494131267,0.49322739476266697,0.11839039490687177,0.10179406039226882,0.0364759579263665,0.04718190924554225,-0.12512164739261303,-3.4169759524553096,-0.001560224560842685,0.16153593428881075,-0.08288565812210477,-0.009157522072964944,-0.061355680419537165,-0.26091218014730416,0.0745418422815042,0.23327384450677024,-0.148029318675665,0.2421742938855123,-0.09951783933294782,0.10691923580046989,0.24628327774962983,0.1385734647868326,-0.03793966242770408,-0.07637988081638387,-0.26549741416792605,0.03910705078856192,-0.06093147516681909,0.11144483784843104,-0.005393068615997866,0.5411455652676768,0.05382154803124186,0.045825010053739984,-0.01542947384641797,-0.14609695238256945,0.43672500615965587,-0.5929233045110164,-0.06859225349119695,0.31014300142972184,0.1354259910188806,0.1692345910426001,-0.07495027238991668,0.1343442400847627,-0.09630967274154906,0.009604538141166134,0.20560411270173104
15,61,15_61,0.2210500363704542,0.3290021873365801,0.2204678085041808,-0.3357927115591308,-0.11665277589058116,0.13715754558659307,0.49437361364298077,0.13077990837959705,0.11675530683480154,0.04197092016500845,0.06087184079534192,-0.10661868309866271,-3.4270044830353004,-0.00012022054415471613,0.15532895531027927,-0.08704602910438552,-0.0246176343136514,-0.07540183732641863,-0.2596363454928122,0.06190143563571803,0.23786524232399398,-0.14351673639309062,0.2582660289789709,-0.1056189613223758,0.09815633163334543,0.22766404768305637,0.13359896132078777,-0.037189101316346375,-0.08419587067713112,-0.27346292358247654,0.024119063428911063,-0.06182304220407112,0.10512504906574775,-0.009804587907567665,0.5315625622317848,0.06885394859243334,0.028505771846066827,-0.028120271008630557,-0.16630612647268284,0.43953590142861276,-0.6063843804347775,-0.0687692395444285,0.309339440185761,0.1430972858478247,0.15910761538718438,-0.0698870920751865,0.1411345248403413,-0.08542110928798495,0.007821212266000176,0.2009006133702599
15,62,15_62,0.20635546377419337,0.33210720345029743,0.2149889785834829,-0.321629512140026,-0.11626622635625054,0.12624355420562258,0.4792453815896394,0.1302364663800242,0.12171395141295208,0.03778513369751228,0.04925794452572354,-0.1251838075186986,-3.4019471828332346,-0.00462240130899055,0.15573632611959654,-0.07810078745219773,-0.020990089547287,-0.0735669091036331,-0.25261004041585167,0.064342671411295,0.24916584526697963,-0.15405048568036875,0.24979338645138793,-0.10053988348893854,0.10465534133745398,0.22526428018163316,0.13402424941403737,-0.03644751956048907,-0.07284763175153766,-0.2640244556849031,0.020038702920827104,-0.05534030755185935,0.10738814732330695,-0.001804847700511037,0.5219850165632021,0.05918292703890721,0.031027377997283084,-0.015680799273254623,-0.16385591830272905,0.4514925779266187,-0.6006235689261145,-0.06770787245502495,0.3028558377621559,0.1311842265532773,0.17438016478483942,-0.071445014672102,0.15479103241947176,-0.08897621713506214,0.01542395290178806,0.20075716387597606
15,63,15_63,0.20316261623937262,0.32939862729818864,0.2084835351387018,-0.33482703689956533,-0.11628550669645045,0.1221367107170754,0.48772548166091967,0.117673538840507,0.11733708461777072,0.03405106986138774,0.05323221404948038,-0.1094832508431149,-3.3785921065958306,-0.003260192722407491,0.15323928672719675,-0.08605017102124957,-0.025725395196370626,-0.06739083019305858,-0.25247914676196614,0.0714243379767855,0.23846779063068976,-0.14232647630852827,0.24329415780045274,-0.11984147470467063,0.0987389090296855,0.22428132145020982,0.13971533914681653,-0.03320089784500013,-0.08555203974379154,-0.2746129844828527,0.02581564426202506,-0.056038130082609564,0.11091509624353842,-0.004381192443344931,0.5227706207677226,0.057886704210879276,0.03837864778876939,-0.0162960422611653,-0.14759802788909826,0.43620654702898276,-0.580101081431034,-0.06868972138923138,0.2987273170866934,0.13171851029116294,0.1642895537446859,-0.06192926743637677,0.14671678317031583,-0.09018176334857503,0.008277220030909497,0.20245369788458548
15,64,15_64,0.20189400447722305,0.33045144081749733,0.21314597196839916,-0.3257456280669322,-0.12025963228922311,0.1217878253589357,0.49759788600836974,0.13239698569574443,0.10205540097279424,0.042188198053077115,0.05109871104261172,-0.10758969660700804,-3.433183856682374,-0.014537097412374885,0.16090229814084503,-0.08080730986469607,-0.02218163820218596,-0.06486266858414418,-0.2637457614021017,0.062510425051251,0.23549680421726094,-0.15612672340178077,0.24396440663596647,-0.10800256809219123,0.11460570318229582,0.22536822043676932,0.1302309079595247,-0.021465732507797815,-0.06684115707242885,-0.26691527881977223,0.02685212949539715,-0.05720651193640821,0.0990406342505756,-0.0055209274125046556,0.5296540021483391,0.06553776992241926,0.04285739422362509,-0.008956321112693203,-0.1410513311799745,0.44436994763342214,-0.6117890940406351,-0.0748044129412742,0.30287922507166676,0.1460477870660965,0.16817934433830323,-0.07146735481946422,0.1401034745361875,-0.09533098831263054,0.019351486748465912,0.22025119227801448
15,65,15_65,0.20755426567590154,0.3309300167603506,0.21125581847167788,-0.3270269322623497,-0.10048970530331425,0.11549823449245109,0.4951794971704033,0.14148941478165375,0.120135456024376,0.03337538361487398,0.05207060360094457,-0.12391230576981965,-3.3993689159482665,0.0061492172336726145,0.16613396167816902,-0.07686066832884503,-0.023608717320449644,-0.06812285720315153,-0.23538127496688513,0.07174856717892829,0.23709178172607376,-0.1507836668646865,0.2546311521627392,-0.11271458900985447,0.09976885760089188,0.20665221874040807,0.14649112616045257,-0.03444017986605929,-0.07433799685079637,-0.2707092644280392,0.02544214732359015,-0.07864307005164514,0.10241876987497475,-0.004674085268771067,0.540735475263151,0.05690764496826702,0.045089958989619636,-0.011342855573630498,-0.16039595069391646,0.4552204576769482,-0.6228975642481884,-0.07617138951477365,0.30799177963201113,0.1330377110436638,0.17889993811944083,-0.0709387872009218,0.14923989905552912,-0.11385403606954403,0.007589703201650252,0.19807260282967246
15,66,15_66,0.19937960176242142,0.338540235968676,0.22272376530527185,-0.3343150842619893,-0.10024032075964873,0.11991757576156752,0.4871254057935126,0.14198058925269863,0.13516815906598964,0.0380955690308302,0.04379621085135295,-0.11908927269907423,-3.402766051536179,0.01177824311705208,0.14629777445607917,-0.08737236484154984,-0.03659608148081627,-0.06110658156794289,-0.2525650211781915,0.07431281793047619,0.2563935815312503,-0.16392057408369834,0.24466430374209325,-0.10591182516662721,0.11177739799279032,0.2335212061429033,0.13413394080020852,-0.02102030111251273,-0.07810627125378732,-0.26679919649282197,0.0424303740849057,-0.06720836203871827,0.11000286592566785,0.0009159612394964768,0.5287336256227201,0.04612910624125338,0.051327370402429365,-0.01730081295263638,-0.15425232203144162,0.4547008540555906,-0.6111444658400035,-0.06935326693959319,0.29646255183669823,0.13602761152275228,0.16508704979546898,-0.06245875565944601,0.15047634351081396,-0.09921855207500904,0.017452300826796226,0.21537303096413687
15,67,15_67,0.2246502106451739,0.34352638376025757,0.20840907521110955,-0.3356543797993711,-0.09831929722932464,0.11482550653206187,0.46896406333647705,0.12230640514763731,0.12876487728418826,0.022700407042731026,0.05176597691204891,-0.15171325151338172,-3.3361146938982347,0.017340486835946002,0.1650245443749984,-0.10069419111002255,-0.03783785847701466,-0.05815473864903407,-0.2359557575594662,0.07765124781369108,0.26032632196116434,-0.17721299776248398,0.246848699827321,-0.12465066354367212,0.11556026380010384,0.21721253172094995,0.14333992192824843,-0.024621868510284403,-0.07917682467980504,-0.2747532218364203,0.030296838076366083,-0.09438745837641581,0.12784530324119778,-0.002548691360894496,0.5627212227790186,0.039994410633657315,0.05743769386488954,-0.008812885968573627,-0.17227168694861839,0.4562177659054925,-0.5992651278701455,-0.07674061209016579,0.2923840471798067,0.14627272535545685,0.16582336954380678,-0.05470637623604055,0.143500109723882,-0.11710507580986823,0.0069475347966725136,0.20721041859336775
15,68,15_68,0.21203480735263044,0.3434467287901035,0.19946466569594953,-0.3234150075344261,-0.1161568274452335,0.12061606328811623,0.49465087484231895,0.11995818429122507,0.1297073974282847,0.030432647945173624,0.03512391487164746,-0.14291115272579905,-3.3856304686882592,-0.001031728541798825,0.1613319251106277,-0.08939446047227022,-0.019231064186762546,-0.05693844213204948,-0.23719462002916908,0.06903693376592161,0.2553953106665844,-0.1779785161843319,0.24144895527132645,-0.09691713622850608,0.11284426477481342,0.22093963075267364,0.13445676168490125,-0.01920118802674572,-0.06123251171030287,-0.2772933702390019,0.03067984879656151,-0.08079671396367855,0.11336980254141711,-0.015159932666221322,0.5371835641681373,0.038327967649286365,0.04733733963813482,-0.0166857853531501,-0.16230750197606603,0.4535278329291957,-0.6054637221558082,-0.05648101327087558,0.2835533876246584,0.1409687446562218,0.1598506009218793,-0.060128412534606594,0.14886794979287032,-0.105800845633487,0.0026447516657086357,0.22415472800019762
15,69,15_69,0.22183774390473213,0.3356440132958627,0.20948278204063386,-0.347320444194523,-0.12459581713773009,0.10955288924238414,0.47181287566429275,0.13138925846088584,0.12658707371347344,0.03981749331575683,0.04096115595574455,-0.13821968710005222,-3.372152202020762,-0.0014218502736731984,0.1380353650888152,-0.0860647615825933,-0.02719201759251611,-0.04799312039370815,-0.26289640867872105,0.09271789455460286,0.26538009142523616,-0.16422675501554157,0.25079964727207216,-0.09607874493748167,0.11504102534108517,0.19907807541497632,0.1503655280213965,-0.025828315161407326,-0.07162884762171523,-0.2738623715458281,0.036804214868718224,-0.0712804154765948,0.11885039572182912,0.0018155594053049277,0.529257448471395,0.03991514585726753,0.06570558676352356,-0.01620696376208428,-0.16087840180073926,0.45211097670317496,-0.6167774124785526,-0.0748486987253527,0.28855078649212373,0.14840770444827625,0.15324932239210762,-0.04652551940461755,0.14606583239268944,-0.11096204737927788,0.026071283586719864,0.20949932676121072
15,70,15_70,0.195528458148429,0.3292532799289775,0.2077385380281891,-0.3810470325626624,-0.12839188032927173,0.08148512488116517,0.4077560201921526,0.11434512804782382,0.09938246984913963,0.03315177152822992,0.04055714945501504,-0.1253480033556391,-3.3037576412307614,-0.02405843485750792,0.11553714105748021,-0.08484038814155857,-0.00023648797657421016,-0.038453553689726055,-0.2885872826845338,0.10073241606463033,0.22779877537659346,-0.13578038080731825,0.24530141543096212,-0.11843995692671079,0.1398736052569713,0.1883186337302945,0.1882322388700261,-0.02670481996190372,-0.09588785000915245,-0.23400728369896523,0.07592746093340369,-0.02227756350745309,0.1265944784634702,-0.0038806356481342974,0.5085935552150407,0.020174206033757677,0.03899134126512655,-0.026898024615042634,-0.14040724659703413,0.46243596891045446,-0.6324736414368469,-0.05619627150759321,0.2621854893366346,0.13889978288630453,0.1642426832260845,-0.046142245363879654,0.14774718867229983,-0.11406589924260907,0.026233854352786325,0.20450387961978023
15,71,15_71,0.20402209006757113,0.34637904718733414,0.2025356267011902,-0.3891623114570677,-0.12309002282750056,0.09422293095107671,0.4423229878266588,0.13011287757591292,0.10959176951320113,0.04624827606688423,0.04896526983079677,-0.13937234360690476,-3.357564035211599,-0.004884331507883038,0.11570265963034969,-0.0818436074604554,-0.04066589589212557,-0.04026414795657919,-0.29528179383122627,0.07570701094966382,0.23696109615008523,-0.14651349942619987,0.27181758705523673,-0.10647829427217,0.1353520042995434,0.13847897680473714,0.19205862039401694,-0.03434757468725401,-0.0985175287138611,-0.21466507460873321,0.06372814742223497,-0.04659539071670979,0.13985980494009437,0.013403440417072829,0.5250612239631912,0.027921137728078665,0.03616872187021246,-0.03183255970820063,-0.16683496695460898,0.47884087217389254,-0.6513130965759046,-0.04557148749916344,0.29408776226041977,0.12912406316040573,0.17830852286636484,-0.04749330614434366,0.14878157862550326,-0.13080191134332814,0.03340257938318026,0.22309751447359302
15,72,15_72,0.20620691223891588,0.3241854419132323,0.20589901296714563,-0.3521546624514651,-0.1132598333323111,0.10977128974873435,0.45148643012926076,0.12267406966724402,0.11879333164603323,0.03750198038689413,0.049724331884850724,-0.13997056322916543,-3.3186472732714636,-0.005067974848409815,0.13566947521085063,-0.09599317187869208,-0.022206250420948058,-0.04479010569792988,-0.25558342799079903,0.0795662744301875,0.2460542416380424,-0.15118370261326414,0.2605276433770441,-0.11596920097856181,0.11618756823824146,0.1949569989184594,0.16595485953299988,-0.02297612411288869,-0.09346487292792692,-0.23287714224100575,0.055845063857762736,-0.06516992898009596,0.11752293022726674,-0.001594363764222677,0.5261345841507603,0.01771295973578535,0.04427132164141947,-0.028483408068084765,-0.15216562473059533,0.4711706485709884,-0.6218053516174159,-0.04902322519437075,0.2873736850310382,0.13315046321522514,0.17095556765763117,-0.051805887715089045,0.14251783580310695,-0.12910642083138632,0.021405097628655296,0.199592789440064
15,73,15_73,0.22461779815905908,0.392084339129271,0.21825851429128543,-0.4149473199620843,-0.12094886544498287,0.08424881196241704,0.4022212137333798,0.12495597261142191,0.0722991754105103,0.06218373390933151,0.1264718465185853,-0.1563854872769715,-3.2412254829651754,-0.03957594070360299,0.2360576863993758,-0.1460561126272936,-0.04030618237820638,-0.036962266471507854,-0.27721438878168686,0.05341706334874623,0.28638127933501584,-0.2078582290706468,0.310911116432012,-0.08000408233959677,0.17411696277887803,0.05585839378356698,0.22670078014231584,-0.0011909725011065013,-0.028569655375566202,-0.29122420800952753,-0.036410924872261996,-0.05554852473265179,0.1971877597536056,0.00434521121571573,0.5490903773407633,0.10904287491251416,0.019672076540203993,0.0122569319993633,-0.2588385879614312,0.543804299747645,-0.6287955937516901,-0.19595651259689992,0.36942402875725466,0.13720140122219207,0.09557945383521692,-0.03570685649759506,0.13548090107253064,-0.11781451582702487,0.048642371789728966,0.21503346556081646
15,74,15_74,0.21442382558613388,0.3945025853676346,0.2231279248947826,-0.4056474841377623,-0.11303947759967134,0.07300063683462522,0.40730164139636527,0.13399983877460014,0.076135404264969,0.06867235164477274,0.0912710754585255,-0.13131099831689785,-3.2556524445900075,-0.06502833835626796,0.2132830229682905,-0.13726552927788102,-0.05241770038957752,-0.05218409627541903,-0.2897804148481397,0.04423370650141918,0.2615508787592063,-0.16034847913843236,0.30212225350830846,-0.06488601913979797,0.17667066516229832,0.10671092672416087,0.21503894861222236,0.00055755560539448,-0.023597029798571915,-0.2916107059683794,-0.03481709751879981,-0.035068053507315136,0.18664199918939012,0.0001137214705482093,0.4882305109223045,0.1415916634349633,0.019012996582471537,0.007114581142486676,-0.25576199133931127,0.5321925283235562,-0.6028892393161428,-0.16189054346744397,0.3695140315021223,0.14035798989739937,0.0695680767986705,-0.039049375634924124,0.15361248855699922,-0.1054497904653117,0.03553739287716298,0.20475760624087938
15,75,15_75,0.21860881051266992,0.3652718992059944,0.2289351212458143,-0.35889272137019435,-0.10604746940290302,0.08383309769826301,0.44925125446301106,0.14336442510491232,0.07513877952646238,0.06280274919455048,0.08407258526896973,-0.11559371259610111,-3.3493248516375917,-0.054659120655886045,0.19577175712753583,-0.10553977877714969,-0.05432790037567078,-0.0626479768433855,-0.27443052808303564,0.0341848010460637,0.2696964687136294,-0.161779485528042,0.27897951008698313,-0.058507501740932936,0.13529516897508806,0.14287096232927773,0.19432772513079052,-0.018034793305493197,-0.02629893859381685,-0.29827689850619216,-0.017405438589064046,-0.05377775845568913,0.14891626682715467,0.0061313724129538625,0.5007895065896679,0.13613101409947184,0.046417548264212426,0.003254885631765634,-0.22953095398520318,0.5031934507497721,-0.6075774635345378,-0.14558591570051513,0.33921481135072834,0.13902559297474773,0.09449085607722034,-0.06720728413494031,0.14783516377791286,-0.09092636977829094,0.026337025798963274,0.18732711073701858
15,76,15_76,0.2111919454895169,0.362471946843968,0.23406720727370678,-0.3407465114842203,-0.10629957158615179,0.08961985882967546,0.47622225100778265,0.13732348524201807,0.08781704066897765,0.06229331010821475,0.07260992952677045,-0.11698478598037178,-3.3920690290406985,-0.05285456432431959,0.1783008103024196,-0.10730950191389592,-0.05789198020600789,-0.06663790640179566,-0.27320018019068254,0.026497322917142203,0.27521669062662113,-0.16325840204101633,0.27647322019165743,-0.056925736859373764,0.13084912696151663,0.17304317678418812,0.16346185002021618,-0.01741995807000981,-0.03606891676048317,-0.29218562524870206,-0.027970960294857294,-0.04662276014904718,0.149125625061212,0.009073059236688384,0.5058103221024981,0.12375830671956067,0.051959412281060116,0.00420918195144094,-0.21646837639953168,0.496056244285224,-0.597221716695108,-0.13691958997716364,0.33081553361116833,0.14307689767157816,0.11172979680281872,-0.0678976254142841,0.15756582203980193,-0.082198893248806,0.021323862431406587,0.2152915323347257
15,77,15_77,0.20175911961390264,0.3459209317534478,0.2211156330558601,-0.33606898684589465,-0.12545253412142698,0.09579144679475829,0.4637341889615423,0.1371186333434367,0.09980613606274301,0.07286608954734142,0.061768695748282865,-0.10624142786716222,-3.409001066793272,-0.04906460830220136,0.16290394960614155,-0.08720488454625412,-0.04478135099853124,-0.07010880277248897,-0.26518900450748784,0.025807571125801017,0.27491812900490475,-0.1546212220043345,0.2577915460094982,-0.056582953487216946,0.11861678051375459,0.2045058916092976,0.1701451153407991,-0.013649671948100062,-0.0545681204769557,-0.28027674212781767,0.002937496408252818,-0.041096288232531614,0.1332428992742176,0.007080566270372976,0.4797061149134009,0.10717837535186564,0.04131956085302739,-0.0006267923585803112,-0.19021004856557566,0.47440977478267843,-0.5813556596540653,-0.10989277477187179,0.3042787512778347,0.13752425062194049,0.1117722041387881,-0.08257993961600109,0.15978964683418387,-0.076978899995125,0.026385852292849194,0.2077739345717966
15,78,15_78,0.20265790128993336,0.3570155821442057,0.2216855360833409,-0.3322247739265141,-0.11496911628309178,0.10084356028344661,0.46879933404822904,0.14439106431167514,0.10337574514391655,0.06788794400158461,0.06902963107722154,-0.11486388672631048,-3.3988098199907415,-0.033726372677622345,0.17050511016891717,-0.09553781353285014,-0.06000180554407872,-0.06329122047459768,-0.2523317529418729,0.02929589752087691,0.27455127554457126,-0.16581693859951616,0.25828300837237955,-0.0713475790712989,0.11633582983577133,0.18144158372016217,0.16854614005628238,-0.0138755127142813,-0.05372007864496112,-0.2891198155588722,0.012272375610949848,-0.061342455169911644,0.12934470009815002,0.011485500822055695,0.5064503801738565,0.10432095067779995,0.04939192431161777,-0.007926863101560773,-0.1996208044454825,0.4747825166941002,-0.5917938507306596,-0.11756973480321521,0.31323587602228653,0.14365748977553874,0.12594441214307325,-0.07802255629110187,0.15141115207122016,-0.08182579556222674,0.02587817376001325,0.20249144713534148
15,79,15_79,0.1994466065716737,0.34792516016283886,0.21535610881542813,-0.3346549960045744,-0.11475863486022182,0.10078495178396489,0.468846744314457,0.1458745135400268,0.103831227090812,0.05996465166651731,0.05894394650970865,-0.11045236802731946,-3.419952555363243,-0.04620430959023636,0.16941268015257852,-0.09640816589418866,-0.05763445019457341,-0.062474753495836116,-0.2538266194777007,0.014695705967838526,0.26767864327284496,-0.14901629358149598,0.24888517222849318,-0.06626737004119061,0.11169524393122197,0.17784154918770217,0.1710628892075167,-0.023610358915446248,-0.04823499269259327,-0.2812363526839819,0.010137032012716663,-0.05888643104659455,0.11989311212788276,0.009257534672852253,0.5008925572320869,0.09972160411152609,0.050702903072131274,0.0005176502764826311,-0.1937077359330904,0.46106390949477116,-0.5936623250718114,-0.10160691401788235,0.3119714484647596,0.14583637712772604,0.12059000206378137,-0.0829966378992268,0.15341412382856376,-0.07122703014702365,0.020271447468786737,0.19865061966052094
15,80,15_80,0.19622034883679007,0.3401813991543105,0.22209225076187628,-0.32226306750053596,-0.12007749285365478,0.10224130199449659,0.48612694147317104,0.1456866431431284,0.1048659825851704,0.05378780464687778,0.06617654375737082,-0.10794880695578561,-3.4205695945587733,-0.03631446467473344,0.177141943085908,-0.08620374377176496,-0.060926641274838225,-0.07473925235308296,-0.2573017107031562,0.020556619545166622,0.2678349595460254,-0.16003789910043403,0.24609210948420787,-0.07801970186715139,0.10372927503318835,0.2008580552061716,0.14962342345405832,-0.017299300368356595,-0.04315465346807214,-0.29480023786092635,-0.0041540312888394505,-0.056013863516130934,0.12022480159187506,-0.004863399891117198,0.5009527466701018,0.10606615616968967,0.05324988775051681,0.008000822822910722,-0.19506832539666893,0.4561375201969172,-0.5773070156246454,-0.10651335354920632,0.30373807354237825,0.15305901402373642,0.12661981922751064,-0.08654699568208023,0.15105256817415058,-0.06269504617314305,0.011802056776041741,0.20965580851161963
15,81,15_81,0.1817763662926793,0.34395926850401015,0.20572059862395287,-0.33585114916164993,-0.13473505613798414,0.11392653633296873,0.46290766147542856,0.13560307804711733,0.0951116416341734,0.05305323482353743,0.062404666289076496,-0.08352311942250706,-3.3790077012889905,-0.04999827120484377,0.1851107198148042,-0.09989732697143991,-0.030296194030448198,-0.059975679904273105,-0.26870994044140906,0.03577366514260336,0.26283617096618167,-0.15362642104999827,0.24964551137324809,-0.07878216228180342,0.13566525337299953,0.22741770357812532,0.18070053887221246,-0.0059554454045512364,-0.07033075365286205,-0.2732332207251537,0.007089713287745179,-0.037263359629585394,0.11277413280228722,0.0033594482926398352,0.4932691537276635,0.08668884162650918,0.05190431998698168,0.018975582024956816,-0.17174609032623692,0.4600855082175074,-0.5503027197204134,-0.09979248258502485,0.29929129028864104,0.15568843445844754,0.13262738233294438,-0.0642302565119289,0.165688061661524,-0.07786093160695234,0.019927001899846537,0.21787180445644314
15,82,15_82,0.14221391721296692,0.35337509884248286,0.14811831333444395,-0.3620781934328584,-0.13563761762419813,0.03587008074934918,0.3849021471573516,0.13522467045282546,0.086302817649171,-0.01020829694356688,0.08929034517270297,-0.14189411079685182,-3.160952108366956,-0.08314017586288466,0.2235378605627146,-0.10938545419804786,-0.011639953342588326,-0.04535435430454158,-0.19355619937379792,0.10804951960340263,0.209085359648865,-0.13952148132506773,0.24775085221010465,-0.08668817959805589,0.12707717941314864,0.16379198074772533,0.20758232352179193,-0.0014250412962250542,-0.045322372529335235,-0.2974275773443584,-0.03140277118663869,-0.0626907428057511,0.14954853061412632,-0.01740216771743094,0.4960865912414532,0.06215967304030532,0.04293618290553594,0.01754568755423495,-0.196779549778289,0.46810820948859766,-0.5257958025930447,-0.1397475126437623,0.3588363977696429,0.119820223729321,0.09983788439141357,-0.0408349074303549,0.18252024358616298,-0.11976926307205937,0.05408775992207412,0.1455344108144521
15,83,15_83,0.13569694493237344,0.34136517627782764,0.14967410706665688,-0.3333697285443792,-0.11431950246669205,0.02283069051187771,0.3940909925659744,0.1538780673103461,0.07851793264013658,-0.03777082735436447,0.101967297997732,-0.1321191645263478,-3.1459574447874985,-0.07542910625130544,0.243857591297149,-0.09932769752012797,-0.030855983535791574,-0.04200065295172298,-0.15443839057358905,0.10667015681290926,0.1886603881170445,-0.10701457357934062,0.2534524942006928,-0.07962997235038273,0.1151043604723197,0.1635191645657177,0.17807538290756803,-0.015548000890288141,-0.04579478743544667,-0.31988432521504195,-0.04202955219032282,-0.08834557717284512,0.13301705547431222,-0.03178246363053939,0.49015017055891785,0.09113816844746754,0.04827843461338787,0.002417454429121861,-0.19993356615229751,0.464638969213042,-0.5207343234962473,-0.15426601183055025,0.3935698634202856,0.10716916635763309,0.1053323663394451,-0.05875929452836852,0.18157973590665266,-0.11564522833551805,0.06889356544136502,0.12305262518615193
15,84,15_84,0.13874714308221986,0.33504179238792486,0.16906016793688858,-0.3128378159439902,-0.11086206334164055,0.0485097933951563,0.4327607555156804,0.15252344953351174,0.0806416655689128,-0.02806555747451081,0.08215542924928433,-0.12271991780689237,-3.234945360242132,-0.0607357576043715,0.22572157285994746,-0.09598496123788205,-0.04697447942414742,-0.045417777991667976,-0.17123688099203155,0.08018978346235762,0.21162123433125213,-0.10360288980777586,0.24679662291124063,-0.06865287561272293,0.10482847539256177,0.18075959160680458,0.165124978793248,-0.024388115116738083,-0.04911762782818655,-0.3142975474785959,-0.020822838044706343,-0.08763598468408007,0.12178345638892821,-0.025228282284863592,0.48544284634660056,0.10313831707135976,0.05851592310945551,0.003508407807819015,-0.1877359341735103,0.4584520581004352,-0.5256503951078927,-0.14285252190771214,0.3831027971726659,0.1194402745940855,0.126956236312381,-0.07426553226570023,0.17225017558021982,-0.09799268138709075,0.04932742111619399,0.1326479828709792
15,85,15_85,0.17204405368911505,0.3383352034518624,0.1926947437383046,-0.33155321254142517,-0.11335044420009457,0.06818467065899245,0.4572433959657859,0.14282412083500948,0.09184878212192876,0.007611260153219104,0.0729471213614793,-0.11736796936486191,-3.306928195535936,-0.06387538144597875,0.19243752277562784,-0.1018531855877706,-0.034538664424350066,-0.059349023923850414,-0.21602242042209127,0.05796123938829997,0.2321770400125512,-0.13765598572110527,0.2411531346691685,-0.07498641721372912,0.10216102006554571,0.2162426251159558,0.15610535448731092,-0.02166698328021514,-0.04488709912520147,-0.30133776355405106,-0.01760343156456569,-0.07561933736620022,0.12086967720741028,-0.02566072275695818,0.5002170555574127,0.09036755299273985,0.05731033703026755,0.0017917888782563551,-0.17498670406207847,0.45599149086878504,-0.5487593364634853,-0.12496398381343243,0.33256959212856585,0.14240878112820884,0.130901128364358,-0.07477174140745325,0.16149902643291972,-0.09086569773880813,0.034286396565593215,0.1681984335993881
15,86,15_86,0.18222358976543437,0.3298290595964622,0.19257178361965813,-0.322722433909511,-0.1259699894251651,0.09864435337954687,0.45757724153795937,0.10745962896764766,0.0975860089233805,0.03318710324247433,0.07873314069711984,-0.10059259020181986,-3.3551299105067263,-0.06708596668331042,0.16278709808145234,-0.1090124162892509,-0.01758452963737518,-0.0613463997107961,-0.2520001108535486,0.0007094809397877913,0.2242887467625543,-0.12990249442210103,0.2415402951464032,-0.08836504380482979,0.1064785457539991,0.26938948034117166,0.1475449159752467,-0.017003715547798115,-0.05689064814251574,-0.27165303757087966,0.021957701488181765,-0.04723948542418754,0.1323615546523351,-0.027540389223908498,0.5054907843376304,0.08654149295426065,0.05333433014299796,-0.014002491830845253,-0.1525586048055134,0.43095316840479736,-0.5208083170307597,-0.0967681373578202,0.27758317433021074,0.16248382827452929,0.13818428002097843,-0.0739322964471001,0.13982088441072635,-0.049314410617727705,0.035236206951417055,0.1946138141700835
15,87,15_87,0.1709389726347961,0.32426572129711223,0.19095552693353746,-0.31353404626287246,-0.11097897850030775,0.07734996376442627,0.46512417809913414,0.1383320812155918,0.09016056850096156,0.02058119714915532,0.06874525726053458,-0.11040754402757813,-3.3362856885420067,-0.05153664900929234,0.1745570180146828,-0.09771345780339237,-0.03972809184224328,-0.06655035753437043,-0.21434670656987803,0.03952544845083679,0.22755030779793092,-0.10912830903289812,0.24740541241563332,-0.06624610623764228,0.09226141548665644,0.21183372980289594,0.15746714288570643,-0.01567550341641067,-0.06171344477231519,-0.28508359697651925,0.002654486444352216,-0.06364757668223696,0.10720692203622464,-0.023659002167473,0.4845716604973973,0.09560550461212683,0.04518996527362415,-0.015921670925712936,-0.1777817222070578,0.4449262431097913,-0.5610629784580429,-0.1080610279526479,0.3305512281209875,0.12935099342381487,0.12512111221496797,-0.08522565161872495,0.15729986376535438,-0.08383160070967789,0.02670324070793605,0.15445493933253196
15,88,15_88,0.18333206350323852,0.3319166625758782,0.19590315759618343,-0.31561859354676863,-0.1233511836789612,0.09640792819104022,0.48720716498249506,0.13862191381823777,0.10490847469554314,0.038013618618206124,0.058144007402296985,-0.11372337041804663,-3.3917253985681004,-0.05088558020775952,0.15872186385797274,-0.09385662325342747,-0.04305473945707229,-0.06388199243731324,-0.24781853557007713,0.029189736731711022,0.2565649438451263,-0.14030473768171545,0.24553363929039593,-0.06304013322183026,0.10288152334077048,0.23558540212968976,0.15230197994279507,-0.021088574402860306,-0.05466649725257999,-0.2939994556115429,0.00568393427911884,-0.06451139014904504,0.11211599452116824,-0.008569623729775972,0.5018199487634771,0.08344428403375133,0.05742980215209407,-0.0011274822909716623,-0.16720475261714876,0.4544297714901574,-0.5454197085449334,-0.09178384624455693,0.3192134553029441,0.15400148647848413,0.13944422593993974,-0.08022499453471615,0.15925474121932862,-0.0750224397361519,0.028569139451904164,0.19879583390833452
15,89,15_89,0.1756855276992078,0.3258648458154433,0.1989286643996214,-0.3226321916567026,-0.1271287393186027,0.10717587361050541,0.4850652354204543,0.10868809221021793,0.09774609976012229,0.04506131021179882,0.07255787674124732,-0.10263117598312124,-3.4229786085688376,-0.06142709679743707,0.14265291751242654,-0.1013831301753681,-0.04825776034486032,-0.06724163872652487,-0.2609772314886907,-0.007276103248519581,0.25101934736803816,-0.1287155793093821,0.2544342766966392,-0.0603504408516443,0.0958145214071222,0.24542121697180666,0.16253635588860935,0.00581212359540371,-0.07281573775258837,-0.2661012607746293,0.02069637265900463,-0.05387757787785565,0.11336143853846561,-0.000673010600564011,0.5016730494604915,0.08345731832643995,0.05151333579053028,-0.008032563286086761,-0.16751916999898053,0.44467722040812097,-0.5434424502987699,-0.08682729225196348,0.28941074681507967,0.15554041879858824,0.15748582637809866,-0.10139924784448945,0.1418867049481614,-0.03457198941681493,0.02524464671348707,0.20360682036991706
15,90,15_90,0.1812969432576008,0.3265585882807893,0.19001181920664556,-0.3196481806813443,-0.11744542226492237,0.11003225540956588,0.5012529851241193,0.118656671353137,0.11239309670736541,0.056527874617124,0.06469881233398966,-0.10289982888961717,-3.4541400921432626,-0.0519241920771825,0.1484265588729211,-0.08904057136704345,-0.05489228224231351,-0.08076637809228321,-0.25845477170078085,0.0019322663350319672,0.2508573806374843,-0.14130800477357736,0.2533448092506155,-0.053391094333981336,0.07794081211544951,0.2375757969103248,0.15471085297998244,-0.010124990421262083,-0.06922780623068048,-0.2627956446972721,0.014563935486163889,-0.05810562657876218,0.12048147818924149,0.006307567677431865,0.5041688534020417,0.09011027627783033,0.044529195609963004,-0.0021540771326085486,-0.15923985124408915,0.4423699628107515,-0.5505110624643312,-0.08050277548955401,0.29489685493498224,0.13621988598442794,0.1646055294995377,-0.10186654017723756,0.1522961101298082,-0.04361549584227625,0.02835180060355924,0.21368565671982562
15,91,15_91,0.18706673954397895,0.33537946432008364,0.20027503135523003,-0.31302450987671615,-0.12201712264225423,0.10087739492386041,0.48642090004866273,0.13516758336652196,0.11766483734393553,0.060731723577575364,0.06680216958511442,-0.11623291134547017,-3.4028261477383923,-0.051673471056009605,0.16085483375701257,-0.0856390311919842,-0.042151732543420424,-0.0694312153798085,-0.24695866105145933,0.022196873978108003,0.2556551306329872,-0.14468729424950236,0.2555008006988445,-0.0635973063169008,0.08989116831863923,0.23438274123135686,0.15135134981542925,-0.015108658026251144,-0.07302867557487312,-0.28318247210470393,0.00936476746165736,-0.06428476092763125,0.12077720201794254,0.004879763070832611,0.5087937324018923,0.08384105102574671,0.06125277561442644,-0.013349481464220473,-0.16588599523481456,0.451857066833677,-0.556333411429123,-0.08796126743600513,0.30745564592117725,0.1477115527817226,0.15120255092734405,-0.08388139948420392,0.1640707669764497,-0.07191203411169801,0.038421631564968806,0.1928836600601106
15,92,15_92,0.19609518024871947,0.33712560643051487,0.21230314338798045,-0.3066620041732083,-0.11993677419839084,0.10486232927601404,0.48456062814417117,0.1389340070311835,0.11228056509710382,0.06162254390875037,0.07032130489521278,-0.11950063853681163,-3.392244845308283,-0.050798315263221885,0.17220338468391239,-0.08715954775300007,-0.02538360403745756,-0.07388364641125254,-0.2355841825750605,0.019349176271372434,0.2489124719889332,-0.1470819177889965,0.2538459285566055,-0.07641318794194624,0.0939112747870831,0.24233184763386922,0.14386406576817273,-0.012555781071789368,-0.07999203679075968,-0.2788309399005447,0.017431459204878597,-0.053862753333294267,0.12374525146925347,-0.00553272678390948,0.505274112394644,0.09283499543561637,0.044857280530867204,-0.014555985383870186,-0.15246442039289007,0.43789633218450424,-0.5463648023551971,-0.08962499109773707,0.291087390247682,0.1437511789361222,0.1399377280665661,-0.0818028840914471,0.16091825614865693,-0.06930122652444747,0.03364920540528532,0.19699488722367897
15,93,15_93,0.1920214344839587,0.35260925539819354,0.20723387642228655,-0.3167899878100666,-0.14501991056981256,0.0848644093770229,0.4320289382423042,0.12882782171130128,0.10533560304328331,0.09438898162457943,0.10120355233988382,-0.08820519800058567,-3.3336158912831007,-0.07290505978351887,0.15814364762778182,-0.0751762924216128,-0.015749454513502077,-0.08470930192515722,-0.23756303526480826,0.018613550233377227,0.23168196072936964,-0.09969099386361345,0.2782518243541266,-0.07097733090282533,0.09371054201512498,0.2865511528457434,0.15644833312781573,-0.01975487174578329,-0.12664958785451397,-0.28520093139658464,0.011671655758232112,-0.026588124882098035,0.13176901896456295,-0.033048839615208256,0.45918726870992244,0.11894748723518007,0.030277744644637776,-0.028335532525570757,-0.14391288722447138,0.3906166809880186,-0.5169699513539417,-0.10173983777101626,0.24795998981571465,0.1525679344294465,0.13759445345258908,-0.10367345381681171,0.16207569544287348,-0.03650097735588107,0.02266260265682666,0.16411390847629306
15,94,15_94,0.17626543402435577,0.32783676432585274,0.20080752178155276,-0.31832778092971686,-0.12397576449845475,0.08586631657330204,0.469049820922218,0.13419788452067383,0.11353581908268874,0.0761716934427157,0.09976070289522931,-0.08624191409339498,-3.3528138205866767,-0.05448866725753065,0.15341193197011807,-0.07592834862433634,-0.024841839746818674,-0.0859544873055977,-0.23196154044480913,0.03421594707699091,0.21263704805673853,-0.11952597978678683,0.2748154056812934,-0.08477491859106759,0.08144744509422652,0.239308932603008,0.15079181127114524,-0.024312448591245442,-0.11158017190283898,-0.29113819155476134,0.019092532096924957,-0.032460236522040095,0.12884907912265453,-0.03949535534142651,0.4794805999682648,0.10348096036879861,0.02318396409158123,-0.02118188681896923,-0.1378681324077563,0.4167864279345409,-0.5343964724193407,-0.09117015191897734,0.2801375438936841,0.1428274145836551,0.15041145490553995,-0.10032159426904406,0.15363864783182785,-0.060125703495417564,0.023419221987177115,0.18255680766987578
15,95,15_95,0.18576234802952327,0.32654950864803506,0.20237668616877344,-0.3185263187924834,-0.11403348592467516,0.08594591106789241,0.47801330687889104,0.12115147385346917,0.10902655623867827,0.061909845008037014,0.08140913148176039,-0.11171581858525823,-3.4049276603417025,-0.06755240565218232,0.14896742647423075,-0.07249546236387863,-0.02467731837533838,-0.08278482474260793,-0.2526375655557664,0.01985503027614294,0.23008543692891076,-0.14975631011650128,0.25889394675114613,-0.06855549487972995,0.09043245742941339,0.25242456786316736,0.1551379649984041,-0.01594915393589149,-0.07479788505998523,-0.27974275117312014,0.015130604982138824,-0.041844154972203354,0.13021019277976767,-0.01536249841581668,0.5062886539004328,0.09141346485046248,0.040277957488272224,-0.0018743322203875186,-0.14349557943556507,0.41889595448539063,-0.5457841371331813,-0.08846892533944625,0.27416978744167014,0.14666795873184685,0.1561579458463188,-0.09116233539464819,0.15724717596820947,-0.05848853262561103,0.02684575145648823,0.196515515359138
15,96,15_96,0.18944344386898493,0.3238647266031675,0.2021411355938511,-0.3189304950303263,-0.1268283117563652,0.10359528627522202,0.49088223472811865,0.13045190611682894,0.09943468439956117,0.07035477869269319,0.07313605646758656,-0.10737831805123214,-3.4615140535251676,-0.052991088094315714,0.1405088410525734,-0.08200207855622486,-0.02894753548926899,-0.07440425060419643,-0.26327519974943275,0.015801639329847444,0.2512745662587549,-0.13528931424359772,0.256731116116053,-0.0646288204947706,0.089319921389918,0.25344149543808153,0.16369444444011805,-0.014697080720811112,-0.07593399694555719,-0.29134347581987935,0.017664133953323436,-0.049692112732754916,0.12375694993078881,0.0006813271511008122,0.5083586967731052,0.08698869572466218,0.058320417855294286,-0.021718857168107612,-0.1471838920504479,0.4354936382615426,-0.563958840391705,-0.0892863589385611,0.2784381581149524,0.15736632413425392,0.1570551437649312,-0.10642529533858666,0.15503345177599595,-0.054985059701829514,0.028207658712605416,0.20055154985653625
15,97,15_97,0.187322701028915,0.32143607810799363,0.20190348902334726,-0.3201813540423985,-0.13588845537193087,0.09091167040474234,0.48338646713323163,0.1318865234575455,0.11135358383950024,0.08846286415378976,0.0651871252019402,-0.10167179393271375,-3.4389718392869453,-0.0636374802032389,0.13392618766946698,-0.07453016082128759,-0.014363676227769209,-0.07767155324454889,-0.273314691227142,0.007263087315938332,0.24080786207359614,-0.13070168568072416,0.24584348018587726,-0.06522455573605083,0.0896974417148347,0.2590591413387814,0.15796803467308201,-0.020141638358720345,-0.06804063082310384,-0.2839552273795638,0.021802171714012435,-0.03477330528090846,0.11274501664695606,-0.010027827001313862,0.4966944273808724,0.08045718114135253,0.050550181407259996,-0.01662766595546708,-0.1386006684083654,0.42856209872617407,-0.5720939229800274,-0.08140170230973826,0.2580825050007353,0.16591565852178716,0.14374721473756621,-0.0996863924007124,0.16024036620520046,-0.05756600216530811,0.031231206092255975,0.20000768922819498
15,98,15_98,0.1878145891905386,0.3274172395473117,0.20355010030563692,-0.3203063425047563,-0.13181529426464064,0.09042026462313395,0.4737266842301389,0.13233780461102826,0.11028847541679368,0.07728527610154037,0.06699150735213893,-0.10671068359145226,-3.4317397267312346,-0.05128711322697637,0.13340118396825723,-0.08296588485460336,-0.02500427654015643,-0.07048712771396307,-0.26800524833209605,0.02119079890309314,0.256641826949358,-0.144862341969044,0.24001213631042176,-0.06222582912789193,0.08992686775716051,0.2633799002804618,0.1595277541415299,-0.015883809669773825,-0.08134821203187147,-0.30146570943297146,0.017413502762710753,-0.032257655655766916,0.123280288164276,-0.005565555151946092,0.48545004905156386,0.08986998066744384,0.05144461666561832,-0.021049254373985624,-0.1484479156901579,0.43072459394543355,-0.567842470935029,-0.08732332214975105,0.26745660735515,0.16163499450175298,0.14273134622209416,-0.09650828479648331,0.1639032623059202,-0.05824185253563173,0.023656899544056545,0.19556771992366936
15,99,15_99,0.1600041904984246,0.32562979939869735,0.1699667948517422,-0.33810911972346797,-0.14072050838378977,0.06421333646824524,0.41538418861392573,0.13357574050710946,0.07757492140961111,0.03515500246728092,0.10522584464147271,-0.12069504635205287,-3.2661577034942315,-0.06993631712926339,0.18141613278921895,-0.09420196704364299,-0.014732718441441278,-0.048632688959171826,-0.22421011334116048,0.03589330073449171,0.22187752756152457,-0.10906066665682215,0.26021087132768944,-0.06851883004050434,0.10457844057955842,0.2381283502212402,0.19001149650425175,-0.01920139401854265,-0.08502477947463603,-0.30100693258892985,-0.003208933404920706,-0.05706203943246441,0.1332621674991934,-0.030549317286039695,0.4772805420407728,0.08779717427308266,0.0440433291678827,-0.017907003561507217,-0.15385299583604858,0.4430307113927179,-0.5277690409152808,-0.12532387334454564,0.32175630932533794,0.15095170367082283,0.12793570558430914,-0.08813362883807645,0.167767498258982,-0.07838112867975759,0.051478200119295214,0.1477038507783154
15,100,15_100,0.12321221388722928,0.32520295342658667,0.16711755250755125,-0.3543619936779434,-0.13470328086282926,0.05167595033525092,0.3981898932567972,0.16251365793767344,0.03840460966522956,-0.0009109938953810413,0.10518783786727708,-0.1189154003946392,-3.1838321248471355,-0.05987363360910715,0.197763050591229,-0.11143873033516367,-0.027382148091369258,-0.04740690701398263,-0.20061756388900456,0.051511189428931424,0.21925758717968238,-0.10116780253695504,0.25602497596139645,-0.062331204158262384,0.09851770807440112,0.18792205372388254,0.21512533083175883,-0.03743609607296291,-0.08100789160351977,-0.3167804930312837,0.0004614765902126381,-0.050431276036188195,0.13572077372090027,-0.03991286966904162,0.47518165916281635,0.10806070831818705,0.046704602667239144,-0.010378780768642055,-0.1700836838365967,0.47326919262248707,-0.5293394939094582,-0.16020495147534158,0.35928201520153186,0.13637066243709015,0.11805210322719996,-0.0805733859578131,0.14991990873607536,-0.08556219327070952,0.06307347124380684,0.09978087302570486
15,101,15_101,0.1563907082264651,0.34509640811129855,0.195135100582656,-0.35649258941093676,-0.1631616063167352,0.07530761148413086,0.3920054253418669,0.139099215656438,0.05813672153349079,0.03766344631524258,0.12986689771380605,-0.09995760150760805,-3.2181008872742822,-0.04911225145086505,0.15522107238191857,-0.08863264379805713,-0.01609916841509162,-0.03259378939830132,-0.24482617395549638,0.015327203203750287,0.21329257807733137,-0.10456811732862592,0.2377000564708611,-0.06722547256204528,0.11693910130979412,0.24125878644112542,0.20224265820429407,-0.05168002426613966,-0.12197985553529128,-0.3022879980769173,0.011068636367933437,-0.0075617601178437676,0.13520167697897909,-0.044824447036441985,0.49985444812025853,0.08202274094627549,0.05456344449991096,-0.02335727233613799,-0.12992469114314772,0.44677957418760417,-0.5497262426408814,-0.11860942222081691,0.2881700739709992,0.14192843744979858,0.11882874646793587,-0.10049875555106197,0.12922197263254767,-0.0791421187382656,0.052442746237404754,0.13816586596440641
15,102,15_102,0.16132380826037362,0.3361156859204503,0.18684547483184058,-0.3367263335178998,-0.1517076244132177,0.10306967514036355,0.4296418558540576,0.1297293344007354,0.08466564323984285,0.05040175967377307,0.09494769027075188,-0.1050895875509478,-3.291880649711872,-0.028784556282603003,0.13414498011045883,-0.07381069916212143,-0.018087266575299563,-0.03849683832561779,-0.2558380913095247,0.017412851339572127,0.21032481421619822,-0.10117345837158154,0.24616142485957873,-0.056510295985577774,0.1088507286942925,0.23440837377990514,0.17944426851265824,-0.04024520639029912,-0.11945564148778913,-0.27913694498556535,0.01118556850160397,-0.016148414920638048,0.11729472867151784,-0.02590431268627876,0.48806203342218796,0.0672144362629894,0.04991206076402304,-0.023936827658064416,-0.11861147429542658,0.4533692479822229,-0.5756873228874259,-0.09150547744114572,0.28848497327449424,0.1359597433117559,0.14502592265107248,-0.09789944097213268,0.13936911830386783,-0.07103339514986695,0.043294671671694096,0.16557443468448424
15,103,15_103,0.1651877202425594,0.3312560253832713,0.19139535112922557,-0.3212659901116394,-0.1289453362053034,0.09370661741752681,0.4632123976721615,0.1363467783416105,0.10840236010462564,0.0568109664381965,0.07136157981452917,-0.13034654641756346,-3.3616274919832354,-0.031684455890057986,0.15181732546432955,-0.06769695106842573,-0.033851630814805196,-0.05075040265587313,-0.25546499394179595,0.020665024192525718,0.23783785746616729,-0.13449001204753486,0.24404735168795486,-0.0552364190544193,0.10372830715162214,0.22585918041530922,0.16872861917994247,-0.03562983960595368,-0.07402188689128288,-0.2827227887931044,0.003347153056998869,-0.04725348566524927,0.12103063579075383,-0.007104057839387778,0.5023916313951895,0.08193847147045034,0.05268873038405869,-0.007891256708457903,-0.15005707557234718,0.4589690114877357,-0.580193554853291,-0.09476368029081061,0.307175147413201,0.14379817502723505,0.14239423749069527,-0.09635015827449851,0.15172653962498772,-0.07787614979893358,0.03891957776399599,0.18188146571161998
15,104,15_104,0.17852285707383367,0.32750924017905,0.2006976595519838,-0.3186015229177261,-0.13024099115199506,0.09176268450104295,0.47569983094150403,0.14389152541479572,0.11890548166277823,0.057849042713569325,0.06672950068255136,-0.12373815977358425,-3.3753564561586114,-0.03387570968178607,0.14152562917609682,-0.07211352266398073,-0.03479480433928335,-0.053224326081115006,-0.25430716310175683,0.03028199919090389,0.2531935642430652,-0.1314520745623522,0.25052685487658677,-0.06418087529861177,0.09523814854117438,0.2411163756241867,0.1642193393622879,-0.03726455766100392,-0.07345808276282104,-0.283361828018622,0.014394659650834633,-0.04107936817427065,0.12436176340727972,-0.010488773181370542,0.49779847738485833,0.07662875058362686,0.0588400369100347,-0.011117433798681553,-0.14729575578259316,0.4502735418606986,-0.5647097459719606,-0.09964979456396707,0.2896855573688243,0.15136251612668755,0.14329025547795265,-0.09545164242744288,0.15310372269107103,-0.07552302406390159,0.030366119493322016,0.19134139029874417
15,105,15_105,0.18120174608035844,0.33042764486746173,0.2045124427561082,-0.3237028151246441,-0.13581792971221596,0.0910226622236618,0.47023479518732586,0.1421897833493309,0.11278183230728754,0.05810086971070337,0.07451563596782819,-0.13425290916654928,-3.3960014840438473,-0.032016697200416264,0.1444747236808441,-0.07000832911780605,-0.030625145643672788,-0.051693773515988375,-0.2661077462076569,0.035533833035058915,0.2495888059857393,-0.1397412749520988,0.23857807072265247,-0.07238536768657118,0.10582467543543257,0.23397162685251632,0.1512081335835698,-0.023613917764867688,-0.0666291032222479,-0.28962169027430446,0.01140912687383319,-0.05950168999104612,0.11929516295086261,-0.008233773671447312,0.4970117624055476,0.07384509849314512,0.05768712770575441,-0.013035163890987876,-0.1460902739856372,0.44310467475716114,-0.5791192879505547,-0.0920800914634474,0.28127329965979264,0.1621986491462537,0.1480590977563853,-0.09321219897779633,0.15407749880598046,-0.08009247277188221,0.034430353532740834,0.19061920673906468
15,106,15_106,0.18740067339128227,0.3405473438912723,0.20324269287372382,-0.32091686179088114,-0.1267105135371251,0.08863470427134401,0.4697622716082751,0.14761425491369953,0.11629252832843666,0.04869919127504472,0.06198827277475987,-0.1412245153671121,-3.3876820370228815,-0.03353193225460202,0.16146641536945888,-0.07436773487691155,-0.04307035131501219,-0.05765294022764423,-0.2593046642552692,0.032056836108548405,0.25528899819405754,-0.1416583734515394,0.23651521980449267,-0.07575203670035557,0.09689858443956542,0.20359844984070485,0.15620634780669804,-0.02131506500950989,-0.06295314520751184,-0.29250337297623863,0.003270392669716162,-0.06322050275894449,0.12001949581850156,-0.001150355428568684,0.501454879977062,0.08620444658957079,0.04807986570009265,-0.004166936214669895,-0.1584581964530232,0.4476684301214402,-0.5914856267951774,-0.08898846857542361,0.29724735554353765,0.16538086374012223,0.14710799199482913,-0.08375965292837546,0.15880697947932174,-0.07968246567235099,0.02035672363515308,0.1917591094898691
15,107,15_107,0.19716417142009945,0.33379226217131663,0.1987169168670215,-0.31135652072144365,-0.12272200141654377,0.0949619045118004,0.48176011269067287,0.13862900524557045,0.11024407098994608,0.07485434693440533,0.06359289747191117,-0.13057170271581495,-3.426905566780227,-0.05137616317945021,0.13542261646324547,-0.0678745222676556,-0.031430117831153806,-0.06923126353089536,-0.2768161032548096,0.020546714948490752,0.24430152663661836,-0.13083183221444047,0.2410436892926084,-0.06280251071465572,0.10035413746326484,0.23819579137187324,0.15060055397989086,-0.022335151407161954,-0.07354428124954017,-0.28730088917386604,0.010156857399821053,-0.04861808621140842,0.11928423071922806,-0.003494762179224194,0.48507140469310084,0.09014666280019282,0.03478463781420168,-0.009103533256783591,-0.1387784249177925,0.4309787046188682,-0.5720827036770164,-0.07281215382181794,0.2836200293140469,0.16122566524105836,0.14694823850111544,-0.09601705089229853,0.1649269029497236,-0.06563166382210002,0.02065267273101586,0.20587987389870327
15,108,15_108,0.19190280428710227,0.3378875888447494,0.20166235041131217,-0.30239963307817663,-0.12702012752966704,0.09451950450946725,0.493559690512804,0.13845955974937724,0.11358707035037086,0.07961688396450092,0.05612342207445936,-0.13542525914442125,-3.4643467749418586,-0.048296144163862964,0.13683606394962833,-0.06682194009157423,-0.02791516665858794,-0.06964713557723788,-0.27952573738072145,0.007019507811634522,0.2641577873965974,-0.15609806578480015,0.24226533942267928,-0.05940923392815953,0.09082702390937994,0.23912203072194488,0.15429843502444845,-0.017102695651112148,-0.06130465222553858,-0.28276720417291007,0.02860160018094001,-0.0398967225272612,0.12166753712743668,0.005132015158104595,0.4929201479520825,0.09088079724755335,0.03389537632452942,-0.020412979669962878,-0.13798979058114175,0.4387068676053087,-0.5658212263386067,-0.06348058045569505,0.282222371992667,0.16361822247882218,0.1435662992465121,-0.10265085206180864,0.16133028118042672,-0.05882659167695697,0.02029018732612849,0.21563783790328941
15,109,15_109,0.17528782342429722,0.3336185923038629,0.21063274037022645,-0.3223472210859039,-0.12472354392896277,0.0984524116517547,0.4866772233208973,0.13749727458447705,0.11664083890342124,0.06857848596532183,0.058937351954321704,-0.1272310180109237,-3.4393676723034576,-0.04728887762538168,0.12542576232941638,-0.07039111907956301,-0.03326670839311683,-0.06206264310638543,-0.28021201450370087,0.015603997642026184,0.2597269720078161,-0.1426768289357744,0.24038757655537207,-0.06448445450770779,0.09804597046638738,0.23322594942067784,0.15996170339449378,-0.012209228493068554,-0.06920090646641998,-0.27857875012169736,0.02964115799975862,-0.047622240439973845,0.1216746606184929,0.008311780055620381,0.48676817546542106,0.08227579950426325,0.04264806607065887,-0.01881297820958349,-0.14438358759883732,0.44629641523822766,-0.5688620778103928,-0.06773202454576789,0.27612488854753325,0.16097230422209846,0.15088817510438,-0.09097069305543694,0.15833961499606336,-0.058766140085397565,0.03100025750278736,0.22027328515266847
15,110,15_110,0.1531681999591636,0.33024153687206587,0.16680582334666724,-0.3297582014405056,-0.14097524514234805,0.04904278769971235,0.4170914824162239,0.13818315469124193,0.06099547925136031,0.007451855482394729,0.11466336811935192,-0.13414156042566477,-3.2137351767583326,-0.08047361506563792,0.23768494403473958,-0.08989288007402532,0.003782212352684531,-0.04503992781643784,-0.2169547388958989,0.039087490760549876,0.20944345061062736,-0.09312119422296908,0.2690024924449142,-0.07641827743809411,0.12580612069534902,0.22635289069417577,0.1737920757892495,-0.04390784707210995,-0.05755261803883913,-0.3262297311212271,-0.020818019410237837,-0.06588333747094954,0.16122881602472544,-0.05696603366170419,0.48801693664295126,0.09896775744083515,0.03677873544991486,-0.01034620118836065,-0.16906201909628546,0.45418237831365266,-0.4894846947101878,-0.13590257852644128,0.36193976319166377,0.14008624623897883,0.10497679588721533,-0.08373253227996122,0.17945540146604927,-0.09262700443941586,0.05899239567601386,0.1357638762958471
15,111,15_111,0.1582519823325036,0.3288194168663801,0.19309349686809948,-0.32488990829146264,-0.125255395873746,0.062309835109841574,0.45279898347394393,0.13609461185503133,0.08204097555402919,0.03290170320032925,0.08947625238698134,-0.14340485756477145,-3.3257042059643447,-0.05795697097977942,0.19592397897050848,-0.07447663046444829,-0.023366326102989648,-0.05351670582319565,-0.2506401563535964,0.03665940738195066,0.23354968420466443,-0.11724601009485575,0.25643640831405573,-0.06330106992411692,0.10839158138157959,0.23592888646815735,0.15847628624554824,-0.0398679331028956,-0.059243760721988455,-0.3097460742027927,-0.0008903563976605917,-0.06554708890730511,0.13725073599854692,-0.031443576279292125,0.4938466297274731,0.09900555509880313,0.04412477212106393,-0.01319714147272787,-0.15986507877596898,0.4610709096134856,-0.5285082351685186,-0.11801884345718726,0.33705843343426367,0.14844973503528774,0.13374435425456266,-0.10167960012900001,0.16722229291870291,-0.0869955036736109,0.0408539211072188,0.1643682326338476
15,112,15_112,0.17391126858314512,0.33124723674742257,0.20257290147207282,-0.33576744928774405,-0.1369607213549962,0.06641293398033882,0.42828073140691036,0.12480583234348308,0.08493362628340555,0.07190838639853035,0.09370653899464695,-0.13150214721563785,-3.3462796612936514,-0.054458630220641374,0.14390077763867895,-0.07506541455013005,-0.005806263820633931,-0.030918400360450123,-0.2846376556160435,0.026448463100231488,0.259079348466803,-0.1098033556604476,0.24672078282409599,-0.06226957087159465,0.1264291150668209,0.2448651099980796,0.17229858921014896,-0.023005679490987956,-0.057171792821925006,-0.29115406435485913,0.01904957748439181,-0.02921660227330736,0.1435125244252409,-0.022679417002333776,0.4806849224968646,0.08444917929918025,0.046529419616397394,-0.021329403225641322,-0.13925221938928148,0.4390553376395445,-0.5441383633113074,-0.1152075254499623,0.2716999759229276,0.1702525171079868,0.12098158254417284,-0.10329353480633521,0.1596362053847014,-0.0640874097895897,0.05001665517515956,0.17822058750392256
15,113,15_113,0.1906498456080459,0.35527487668128965,0.21438538439357213,-0.42182200220702104,-0.17859063565622843,0.03937417383228607,0.3459545700307817,0.06648076787955133,0.04750783783229411,0.1362552035209065,0.12270416634189776,-0.06829741313864358,-3.2688511171798464,-0.08903140209576826,0.0946266599613997,-0.11079068248742034,0.03728144529554121,0.031331655670485244,-0.3975925411747018,0.02948664345488351,0.2446110506196224,-0.04805742629105695,0.2453658396465814,-0.08637263691092063,0.2093934001091296,0.30323461764208665,0.21481297976252767,-0.012695308620935519,-0.06970701499883461,-0.25002757518447327,0.025209478341796276,0.08598716826080394,0.17168272823498004,-0.0522073199292826,0.48486194282776096,0.08025544555245263,0.06138249200512027,-0.03571031416482334,-0.13877445275769631,0.41338496679785514,-0.5108079609939942,-0.16722644152700575,0.17959677864521367,0.22042770674340956,0.07396295593293897,-0.09254657733029609,0.1388194053454738,-0.06729041009136662,0.0687286233783999,0.22649068620221402
15,114,15_114,0.18135386562647227,0.34619084167265896,0.2134615306551831,-0.38834262519244866,-0.15477866207762234,0.05499445026534961,0.3982849573960877,0.09014547175579399,0.07304430747432436,0.12083812584243171,0.10355432823370879,-0.0869096538160541,-3.3388201185083917,-0.06731097579149443,0.10207995967819057,-0.09175061032284904,0.0041544594332973165,-0.014402947005429035,-0.3550984636857201,0.020003470404606826,0.24651646853363515,-0.0763459280960662,0.2466462100081683,-0.05839122954005917,0.13898249136790766,0.277283018080423,0.20431903236862095,-0.041153983691778744,-0.07433872606785727,-0.25121681064261625,0.037170289025320914,0.043756110448663524,0.14772833155391898,-0.015036539186524955,0.49509312660759386,0.10180152205557984,0.05707250084035504,-0.04134653670908764,-0.15373483456002732,0.42304187487580264,-0.5459538972979866,-0.14383892704052303,0.23120711445036818,0.17267493757833155,0.1096145460527543,-0.11317866341795464,0.13021277047318366,-0.08439648647802418,0.06467808821270668,0.1987202620428925
15,115,15_115,0.17693382069601543,0.34090805147298603,0.20742383281310323,-0.35994727324763137,-0.14087354852912193,0.055736001669933706,0.44289987751746196,0.10530212275638977,0.07945151681921978,0.11649344776361527,0.09151389331844015,-0.0968388802160265,-3.409840150583358,-0.06622782950052282,0.11207320965553767,-0.07211316003348994,-0.015268752366816487,-0.04215894263337846,-0.3395252340525788,0.01802745237831758,0.24485820226102978,-0.09481122824011393,0.25254192113020413,-0.05705472842048593,0.1126855777480705,0.2559655291801097,0.18695919407966236,-0.03671317963845961,-0.06320746912176921,-0.261154655573776,0.02618106232506467,0.02007509056089856,0.1320989378988521,1.6057415592340044e-05,0.502108152769883,0.10849324493915109,0.05450949465944965,-0.034443506179604726,-0.15629334856763516,0.43306522410952797,-0.5635650533158665,-0.13306849255088796,0.24982685230743873,0.16065453115099948,0.12953734065106948,-0.12141616217855508,0.1442810104115467,-0.0892143848202901,0.04676277526143323,0.2036201195370938
15,116,15_116,0.1738812662265271,0.33724219149449935,0.19025034551150635,-0.33928399204929777,-0.13240454893114056,0.06806106378535141,0.4525882569066248,0.09728986474456355,0.08064356019248914,0.12285828853823184,0.06419827568689251,-0.10143135070931235,-3.416949057717864,-0.07041975992765118,0.10247919920671454,-0.06734243274134606,-0.020691080497004678,-0.05776424023772898,-0.3348406240255889,0.0020572483279303186,0.2382827864182801,-0.09598206189231852,0.2583815568914039,-0.05808920385894046,0.11938630983948234,0.26086790108067137,0.18610528737649368,-0.03220704598960793,-0.08088051800307641,-0.2627215493196083,0.023660336655708835,0.012398999073563384,0.12755040998894426,0.0017731615488205477,0.48872596920161526,0.1074785293434647,0.04898048922393243,-0.025222799346272043,-0.14834214252028272,0.4315845407344617,-0.5725836362696949,-0.12125788628373893,0.24672813347304773,0.15979044836209313,0.1310260887539008,-0.12577596730806861,0.1497622104040508,-0.06766021215983226,0.044926217343603976,0.21134951200415286
15,117,15_117,0.22228372665552779,0.39790482047242925,0.2144383320658358,-0.3586008320932814,-0.17431001180334646,0.053046434052025616,0.38346039172309476,0.11084416727630303,0.10990909079455845,0.13343240878441837,0.22478830990938486,-0.14201553358157745,-3.286640629439277,-0.06089821341424967,0.232886029587236,-0.031858038329205696,0.013672397713205626,-0.03447178427609481,-0.3522581950048013,0.01711659570378094,0.22193915390859292,-0.08243281845631471,0.28389848044455646,-0.05760002933471141,0.18072773302082704,0.15934351252144657,0.1527049974042125,-0.026215469007706046,-0.0996895396869355,-0.2990828958086987,-0.0405123893830039,0.0564010799372594,0.1634533609534396,-0.055582740125858336,0.4690497887548604,0.14679746328933796,-0.03411487015018926,-0.017954484841548025,-0.18288385408654015,0.39561078102097447,-0.5333344210818212,-0.19026602512241236,0.2895635784723319,0.16276797877049434,0.13529072112920543,-0.10320563282605286,0.12552625177342738,-0.01734849000694955,0.0701198874103492,0.22902995972552578
15,118,15_118,0.20390368206521722,0.3837264169122809,0.1963756503819673,-0.34438268048143017,-0.16424565417337403,0.05906249966848174,0.39560339142813616,0.11983339391597879,0.09681030534341004,0.11868841543257616,0.15389440823970504,-0.13576580277587919,-3.2635270611819482,-0.06948362192877025,0.18238889186478846,-0.05412837948571596,0.004520813758189203,-0.037482349189089575,-0.2953476984686464,0.037730970818474485,0.22698965960876863,-0.08230648498443281,0.2773691284449118,-0.04974481810291825,0.154512387263536,0.21642212243816267,0.1727049070687432,-0.0036312907388339932,-0.10898244135906109,-0.2807144824377948,-0.012432815854316543,0.01096482660704224,0.16032733479118144,-0.04142054818733528,0.4678563515793448,0.10270032235352337,-0.005953782833233358,-0.0284694795913312,-0.16882473311469248,0.3988494285551893,-0.5258363862559682,-0.15765837721129308,0.28771151586049953,0.15855778582904118,0.12360747706153724,-0.09699198178091684,0.1456971130696433,-0.0500340290966414,0.055536122939158356,0.2123271512379609
15,119,15_119,0.22262692637483975,0.3830425120150146,0.2341382455573346,-0.31201480589937225,-0.16941819209292208,0.08016302870203777,0.44430407424760765,0.12938624187283906,0.07921689232949668,0.1364922410090643,0.113314954646616,-0.1360074310206931,-3.367938946123509,-0.0781050655932002,0.18722779474675805,-0.07174355063567395,0.010762618416178368,-0.03814489900412667,-0.3539788621206725,0.05785980306208082,0.2541157086195241,-0.09830916107726517,0.24379145119441437,-0.04573203910761296,0.17845141155660302,0.24726352393208367,0.13009692113825772,-0.014610694850190993,-0.060712951878180495,-0.3306933880363127,-0.06540232793865407,0.016809724544182954,0.15493801132353482,-0.018565909529733172,0.45527726589042633,0.1127076162411981,-0.008201320405480918,-0.013218820356659567,-0.17241813138862946,0.423722269469511,-0.5345370576010879,-0.1412195834633006,0.2983280327820776,0.19828395936057255,0.10167669154478698,-0.09790403870622137,0.18755324699745549,-0.05570221677700741,0.017192051861044822,0.27556245651236255
15,120,15_120,0.21258034566856493,0.3655581714211509,0.2363596286593251,-0.29181609413770426,-0.14108838187406764,0.09870724246230494,0.48387379497446265,0.13487791943491334,0.08874150402571007,0.12690593582247256,0.09029450638147113,-0.13598634797405607,-3.42949633898763,-0.0633627219157544,0.17541764889675426,-0.052919147183200496,-0.01251487849935127,-0.06552836338064494,-0.3250419879361295,0.029839742283731648,0.2524412410617229,-0.09659851946644675,0.25234617212990873,-0.04118289253602642,0.13260866203995056,0.260077665428201,0.11282983337030233,-0.0345694974286765,-0.06279429410459716,-0.3125767416200914,-0.0424481061964589,-0.005677306454695491,0.13685090439034267,-0.01610400958641431,0.46702533263685764,0.1230558074341425,0.003641698621839132,-0.02355848167883796,-0.16334649179405147,0.42083209459167414,-0.5283503288995725,-0.11211803858389971,0.3043478724674891,0.1684619536662884,0.11653109092756209,-0.11474907684177743,0.18949888666018616,-0.0651107031016545,-0.0006205207285858034,0.25263898251661554
15,121,15_121,0.21784522847356289,0.36534422568568375,0.2424493333074462,-0.2867402120353141,-0.14155679947612,0.10743771798266971,0.4931471099963184,0.13932728499415473,0.08280194237142281,0.12443356216596853,0.08009098234420184,-0.13787745359141731,-3.458009226791406,-0.054179629178404104,0.17559855613676043,-0.04301489228871221,-0.007943548712431567,-0.07358523436883083,-0.32204181889722583,0.026734795095533167,0.2559181993863132,-0.09413147817368774,0.24495934591271745,-0.046665919108754554,0.11647904753007775,0.2690996431903881,0.10193999032601063,-0.04958534617563311,-0.05716700970307049,-0.31101213070588196,-0.04417667940536934,-0.018322516837437828,0.1226245933778912,-0.005702138276661649,0.4651586201144335,0.13102907059970323,0.011503346488291231,-0.02481595025995885,-0.16632370129085217,0.4151166684714869,-0.526916882378838,-0.10380450995528753,0.31780897208962916,0.16828660862325934,0.11736213582580683,-0.11768810861806898,0.19030896125243274,-0.06668971432616189,-0.010380332631740107,0.2417452964244394
15,122,15_122,0.2358202831086387,0.36858151896174945,0.26332003296388873,-0.29789217580866895,-0.15200283235829992,0.12213023698934443,0.4812416308744862,0.14247004790293857,0.07145257504146306,0.12155056780340547,0.07095298485120563,-0.13560492332031074,-3.4328448361502413,-0.034351327866191855,0.20677483153419615,-0.06688629107311123,0.009766344499768152,-0.036921281730813806,-0.3499773789001146,0.06924987072280701,0.27103079314424605,-0.10077220588958691,0.23814708973082688,-0.05791376966306111,0.143492622927785,0.2753936293230432,0.10761624402885339,-0.04505755919020168,-0.03428067229361485,-0.33371518865265,-0.030751346584725395,-0.03283282644869568,0.14068374136485012,0.0070865272294072384,0.4933854081408219,0.10577472772152265,0.016102294189658153,-0.020408304127325323,-0.19022127858444032,0.44606774340469935,-0.5500138366819248,-0.11373914228486544,0.3324511428864262,0.2043818987352742,0.09906341179738319,-0.1041579356321496,0.1835778434614795,-0.08959922544949896,-0.0010628875180601516,0.2488078041052602
15,123,15_123,0.24022064533792062,0.3667588701600113,0.2671365890168751,-0.28732219408001897,-0.13949427515695934,0.13895501807784197,0.5208058978878024,0.16258506127699027,0.0679242119930528,0.12454303149226999,0.05909001661204434,-0.11903956813554863,-3.503403304106414,-0.029365702164109417,0.21361722406725933,-0.04561754786819047,-0.006403560206367962,-0.07066843722148203,-0.343755639248125,0.0586823597552702,0.2637516423138041,-0.08613400512370849,0.2337439043532086,-0.04882545982100125,0.11462237615423077,0.28166621699531946,0.07935915032533872,-0.05722091844077399,-0.017266032561872133,-0.3319700958178137,-0.04923606881868603,-0.044801898657996546,0.11727464333418955,0.014223311637740111,0.4871895461051284,0.13156101859304153,0.015061898876177194,-0.019124877785331236,-0.19202131510333217,0.43684382721845244,-0.5542692943291491,-0.10804128272986241,0.3657974092932357,0.1917348804835817,0.10631562598573852,-0.11895748146249872,0.18540754872381765,-0.09546482096536187,-0.019919546376031858,0.243138532108412
15,124,15_124,0.236727810842766,0.3543184295022316,0.260974685430768,-0.2732570347127814,-0.13482651786655872,0.13714319012837478,0.516943181209344,0.16474236709989656,0.07346928645564713,0.1260796676459636,0.05812600139058497,-0.12034464307000002,-3.516460482254799,-0.028882378191686892,0.19754242018236975,-0.041140817289243355,-0.004479359495204138,-0.06323796514165732,-0.33150600603825303,0.04667950140206045,0.2660064184486154,-0.088512905353685,0.22944036342649363,-0.04100406851859622,0.10693777006601533,0.29513174672611936,0.08592898775420589,-0.06772443076676268,-0.020991736576423982,-0.3208062227038285,-0.043776104959631475,-0.04592615054197631,0.11848530828507232,0.016186905296377653,0.48232134872514815,0.12804975744761682,0.017545952340851188,-0.024134534960988243,-0.1790907253775713,0.4313490213311002,-0.560010353290185,-0.10599233247259864,0.35172504664085374,0.17895798588438563,0.10400832587834409,-0.1259858428931009,0.18902497839602078,-0.08944976725743457,-0.015967054169541542,0.2285610119239994
15,125,15_125,0.24868438100920207,0.3552855075022467,0.2682557480364809,-0.2714158287149315,-0.13344914899358915,0.1301987448941075,0.5331662779024459,0.17546118071186356,0.07541305123723169,0.14709298096759563,0.057532494054421,-0.11933538075939859,-3.5537845693659365,-0.031187517030941723,0.2067215785150837,-0.042055342176019236,-0.009850192065609838,-0.0799188809803781,-0.33831697025399127,0.05029270202386103,0.27925186306993854,-0.09381090448455086,0.24352923534225787,-0.054584421019331274,0.11612692541696065,0.31684145969879945,0.08707239065513836,-0.07663952378444312,-0.022433252369713347,-0.340916739063942,-0.05054053200084334,-0.050655855390479634,0.11374278964419653,0.024648272959829978,0.5083985965690788,0.13499949045306717,0.046508398217970114,-0.013590736828056131,-0.16876048753214204,0.4464239070642323,-0.549484707284392,-0.12362181734224259,0.35218190176008074,0.179039033206145,0.12093533355609427,-0.13513465429053195,0.18416678238958284,-0.0922638144805668,-0.004780287036274993,0.24615996654029004
16,0,16_0,0.25560327811950917,0.2815895124387584,0.17441687175121748,-0.3633980896618021,-0.05247264107885329,0.08604137526432934,0.23909345780940433,0.08811520970132398,0.21523743123306255,0.11659237668408375,0.13617989122377414,-0.23393651378390037,-2.5148527308514246,0.11593838149534637,-0.028970642760396004,-0.10458708443727932,0.029157016399365507,0.04141703901297756,-0.17401928575709463,0.12133623257916616,0.16050961858004723,-0.024024069167085386,0.20446492172410025,-0.10443852785484571,-0.0004562013145340116,0.2683216024055391,0.1027463889435718,-0.013234566402082381,-0.17750893810175752,-0.09109842824798665,0.24926987711928392,-0.17140421720564758,0.23489679267728014,-0.024612987618035587,0.6520080832666473,-0.22649509516593658,0.13092980959795808,-0.1676523079654496,-0.11457046812988425,0.31197255742000907,-0.7345483439141198,-0.01366733863312555,0.10952340786277905,0.23921389155285924,0.026910862880513857,-0.03885525326553953,-0.050233889954458724,-0.2835146168737035,0.16297150953231673,0.002468024811854488
16,1,16_1,0.2366254870166256,0.30173081978775407,0.21595371629370433,-0.43759206902919984,-0.020940268673572918,0.15530231840580663,0.17264835449049667,0.09819581541984118,0.21917772458448093,0.10855960601118717,0.18204814949243955,-0.15841044279347574,-2.2020749297677256,0.10855425665943827,-0.02563707591557153,-0.09983241247317316,0.10400659588346144,0.07597770406959617,-0.1521135470924937,0.11594623552988122,0.10368406510797842,0.04092752878962213,0.15124918090916661,-0.08861163542270352,-0.022814106823382328,0.2619858287721492,0.14886915402448908,-0.0347290522019778,-0.22847961638436406,-0.10099443680682808,0.27027079635014645,-0.19950868287218773,0.2895989117702013,-0.03541580423277955,0.638136700841085,-0.3123906743997822,0.1332805387613991,-0.2620638770583485,-0.1229890318188284,0.29708123442773915,-0.7728136793178108,-0.00480099508956987,-0.0032364463195892535,0.2753459456167659,0.003302320438836302,-0.0393228793839867,-0.10073471305017569,-0.293837353796223,0.17948822468063053,-0.00968120075116048
16,2,16_2,0.25453004865933243,0.2968512490635442,0.19891876271255662,-0.4371936406470209,-0.055697740456002336,0.1339911378595856,0.16145026395353054,0.11705218935896704,0.2602978724046288,0.06077079236002587,0.12534064449430835,-0.14739801592376328,-2.2914308359689803,0.1499267355647704,-0.021503875285569823,-0.12459352084094301,0.09451938946905468,0.1216328347539181,-0.14597932176847256,0.12923242951630154,0.22750328557356914,0.02125014198038762,0.2425496848370139,-0.11546859021568409,-0.025387904499048177,0.30718102634810435,0.15364330818998478,0.03516805097058189,-0.2578948135850853,-0.09446418568901022,0.2847893396261905,-0.2080251969762634,0.2764783880284935,-0.007726277511949851,0.6271372573606879,-0.32257005988150206,0.13751945121944925,-0.3080883297642745,-0.19047975948485155,0.2792028932523191,-0.7112542175661738,0.00041940398340191794,0.016253998114131217,0.3494478917917863,0.0071271431026327485,-0.05101656521209211,0.005139282904565334,-0.33041240141463735,0.1675551890854715,0.04581641115326539
16,3,16_3,0.21881981447156995,0.3168343687430024,0.17718111877714782,-0.4731856688675016,-0.08846375309421044,0.1167937656339342,0.11522101481003981,0.09668653627815552,0.2037340914147829,0.07460815681729298,0.1667017069333618,-0.15289691896562962,-2.2208822832295767,0.11212091136520687,-0.0063213618888862825,-0.1351226280177278,0.06835302800339248,0.09282198515930738,-0.14229441514672866,0.08236511171117286,0.20247264871639864,0.01429115163220996,0.2051350376113577,-0.1204164492802719,0.04815376339011118,0.2546368895966868,0.18917457998600698,0.03461938307540057,-0.20545993024602363,-0.12690126289494505,0.2704210291436142,-0.19138797939600968,0.30318549401792033,0.016309106455889576,0.6278860422124372,-0.31984846015536067,0.13902044411454545,-0.2506260949106453,-0.17337754081682602,0.3321536893823317,-0.7632837989052436,-0.028409418499419338,0.038090393779391454,0.33527654241875543,0.027987896824952327,-0.04458121598971294,-0.05552520905358759,-0.3153214516832416,0.1686325009099971,0.016865976382383054
16,4,16_4,0.23812927492744004,0.2288956416065476,0.2141344098319464,-0.4415064506020452,-0.03761157088186284,0.09799195426988744,0.2575246683760163,0.17193970865628216,0.25405693607514396,0.07640196441035882,0.11683236969860017,-0.1999399905848002,-2.2292135127217456,0.1455517765134573,0.0204524406711725,-0.0895912091672311,0.004607045314889333,0.07202444690697388,-0.17305044624749022,0.1601949015748687,0.1878786346916219,0.013653725575696787,0.21023197929710424,-0.14784263413350665,-0.0037590063046830918,0.19727453070877612,0.14015297537073768,0.03896340011167066,-0.19818119843736948,-0.05001394207711735,0.30048261056500075,-0.20792204161475905,0.25714905973633423,-0.02391877690152957,0.635968355640002,-0.257508019950953,0.17527682714931228,-0.2526245356797624,-0.18192025181248456,0.37008792058194934,-0.7816522227709785,-0.012361058191505863,0.11380515806141535,0.27329866728498875,-0.025606236657521923,-0.030561006849251605,-0.08673308101510081,-0.3419643767154091,0.20536948025640894,-0.05530138219268445
16,5,16_5,0.23850505328798471,0.28441059912285327,0.19336229251281398,-0.4433061865550515,-0.06934281153065201,0.09273464312718716,0.15186732710763431,0.09839846002930579,0.2191079097009558,0.07114294159538603,0.0993436115868941,-0.16710049940248659,-2.142555211523646,0.09887798655376843,-0.02314433402620795,-0.1347632956944596,0.02353193948357856,0.09089110507231549,-0.18348603494967775,0.10791429008608439,0.20062890292243346,0.05380029214766661,0.217917945554578,-0.08413060456453088,0.07957631577952079,0.23030646554022832,0.14551428222330287,0.049069596053174645,-0.22672623130002698,-0.10723080125631225,0.2567473775308922,-0.17361933260537243,0.29962573707177254,-0.006655120371617254,0.6030569989724379,-0.3237780822627859,0.13372438664450065,-0.22699187607749513,-0.20440033112199193,0.32583573904182567,-0.7570467547660595,-0.02955949373733203,0.038173670644985246,0.321902938622148,-0.020466409124262435,-0.041986871902305496,-0.01399280638112319,-0.2880798792726924,0.19596336046312277,0.007079676436995597
16,6,16_6,0.20733069708027566,0.2991855651461741,0.16767916687448242,-0.4355982145006281,-0.09987550023998622,0.10394904328166463,0.19901163745228023,0.14428827103914782,0.22209372727887794,0.17741141307314615,0.11530493793335543,-0.1626012773298758,-2.3192075470551137,0.08588616195733526,0.01124363174312748,-0.12121345823869065,0.07931278906073116,0.05370146177808367,-0.1689898440647431,0.09558337131359924,0.17994501453982334,0.012657985933834598,0.15028025553987218,-0.1037708978349526,0.006479398996037032,0.27844624253477723,0.1572152285017572,0.02306363814984382,-0.18709111577481963,-0.09297061098706243,0.23341329108613232,-0.1883379430759565,0.24678174022743146,0.02167719668796053,0.6116831357690639,-0.26296265565213706,0.15246098664508845,-0.2250226090545766,-0.1154566189312997,0.3468969435821886,-0.7649137109872841,-0.009876402057541003,0.05094546974924881,0.30442664462368285,0.005694775598212367,-0.03733448585816881,-0.03772461021019678,-0.30911543729061597,0.18925237052064317,-0.0027955320963103858
16,7,16_7,0.24518481849322785,0.2764482505185759,0.21255239814500745,-0.41685758468739637,-0.05668281680706582,0.09834140248928372,0.17074843530849337,0.09452206453576378,0.20043357539194803,0.0924337086672831,0.13554159419974696,-0.1593749334123496,-2.0798683507903797,0.10143871883357786,0.002942393037924313,-0.1251123306048039,0.08274307397309028,0.09737728369320194,-0.1537696381437605,0.1254025412933129,0.20253166296656486,0.05666473185586143,0.23859123668827958,-0.09852167740081476,0.03918099655667703,0.21893400174792066,0.15618723618466254,0.007363248108884189,-0.2176174164605359,-0.10012771565688787,0.29615207091739326,-0.17474682288474008,0.29291351104780317,-0.009086479984657609,0.5625774686620252,-0.33716560798786477,0.15080502224766748,-0.2737871987158305,-0.22819869460104264,0.296769677953195,-0.7686668759696695,0.0004392588791781909,0.029078727552774106,0.296152772930489,-0.025108091079483242,-0.04071140323906062,-0.028718944448397225,-0.32770696282067835,0.18384783106221345,-0.028648772139791143
16,8,16_8,0.2360842963054018,0.2932616691944785,0.19343360291559838,-0.42812481201177494,-0.04883035480476092,0.08189756402369243,0.18582637875615696,0.12312059629711074,0.19936002345877837,0.12374841939922565,0.10439692311389041,-0.11963562934679778,-2.1741860673401523,0.06596444538962083,-0.022760088986824037,-0.12858193311452246,0.04186325281673325,0.07313911613207973,-0.17417319263000794,0.10072454894273263,0.17450511939009355,0.09332811694669847,0.20057613369270832,-0.08522918767103661,0.0284715294996989,0.19177651949369354,0.18956153995237857,0.04501107642948133,-0.22997635186567478,-0.08481127353349467,0.28514821706797744,-0.14204492261684168,0.28213147355066714,-0.023577513244471264,0.5697805719663862,-0.23728391037022317,0.1384000644886795,-0.25473491059707815,-0.19541225747616905,0.3377264556761251,-0.7612975690249211,0.015082873692201664,0.04400726685763586,0.30073009373090875,-0.036717449895060456,-0.0571530672296617,-0.02963918828166248,-0.2775542063193582,0.1781117405708691,-0.016508952107616378
16,9,16_9,0.2528371901104325,0.2879594359179272,0.20289373852153259,-0.4394850508726545,-0.06707808863824252,0.10746779214088364,0.12291438906073668,0.13047920928204948,0.2136541282142341,0.0875527021386293,0.16422836764372492,-0.18498601523644634,-2.1099029143193833,0.11601242861261678,0.001962774973914125,-0.14115012752422204,0.03725558684489347,0.07288051944679434,-0.1572493438939809,0.11715935566998699,0.17209621433683328,0.019672682014061138,0.20621694108520291,-0.1379794209899142,0.03423134068419274,0.16894302293305946,0.18305723812265665,0.013807718464369444,-0.1999933513874758,-0.09664611218613572,0.27480432865405946,-0.1936282341086649,0.2875242061379954,-0.0198903519978414,0.6200299265252206,-0.2780108280544243,0.152722438774378,-0.23771394904255622,-0.19782881201598157,0.35645165072300616,-0.8070428832189033,-0.028260739215367817,0.0405909283851399,0.30693742870598245,0.02256311153235545,-0.0317704999686516,-0.09690479503478855,-0.30696905344743036,0.22783229498523533,-0.07559791829829153
16,10,16_10,0.18025179908880473,0.29496670074519915,0.18834102102514488,-0.4682110081786257,-0.031602408279452404,0.055479173925337626,0.15222176879628055,0.13101861932419093,0.2037687913908852,0.10185204671589625,0.1486990534214879,-0.1615858950423436,-1.9988060796208549,0.11104778382159247,0.016568570214746472,-0.15573907386466376,0.07771237156243603,0.08258615026614025,-0.11725407989625207,0.1437739815558879,0.2532344858852428,0.03924224599879317,0.2129090752885595,-0.14688597451892924,0.010404678681975622,0.27445429382568,0.19114730272954067,0.050307345226317184,-0.24480875998351462,-0.043688018049579114,0.3139175765161206,-0.20140240803665252,0.3504960441307304,0.02451618503408482,0.6706562269021544,-0.3233896740906251,0.15245897457230298,-0.2069181870365834,-0.16792952005134634,0.3917355477260252,-0.6930925626299557,0.0022036952095253297,0.09071068600378726,0.3269760676990508,-0.012391292330759921,-0.03537539447496416,-0.023351107591894873,-0.3823206198663173,0.22355167219607291,-0.05266410837525894
16,11,16_11,0.22405058208592032,0.29365023313560984,0.19381753604214352,-0.4287368625950626,-0.0862646747481559,0.07118073701257255,0.22844557436897897,0.12998803838215012,0.1720037011149503,0.10891502670135227,0.09305852053272487,-0.11562092674668728,-2.3433022497446983,0.047428728330747356,-0.01454705695921023,-0.14531070823975645,0.07260779553741616,0.04552049920855827,-0.16891550574871292,0.11968597549187777,0.23041055942271518,0.04010544855651001,0.2577209566946264,-0.12350767213833783,0.0279321925347456,0.3192694357975007,0.17947094488228865,0.04748572369750876,-0.23510523461468089,-0.10317613190144893,0.27519812030400465,-0.14481796366325708,0.26772330679443335,-0.001796018009542252,0.5963785744941881,-0.2755308001210074,0.13181502380469753,-0.21030197695798272,-0.13384097876349607,0.35381996405124155,-0.6642995714678513,0.019530528937169007,0.10810284546731874,0.3066144574070247,-0.013759718156307117,-0.07096535675892872,0.036795186022153266,-0.3281991696343399,0.19126804054786378,-0.012031979838406646
16,12,16_12,0.19487250020619537,0.27247882387398376,0.14471994824386944,-0.4401251120818441,-0.04801997066090774,0.07024544238558282,0.15779720007971712,0.10634141402872468,0.13867044840615406,0.09445334230195326,0.15850489958783315,-0.12112400747086528,-2.17429026702176,0.05899710063923798,0.005598924564791547,-0.12498290632999894,0.11890668017398295,0.06003845020313747,-0.13539193297628369,0.10112057673288054,0.1879101576877461,0.05132802557098963,0.19515235663351158,-0.14884829204748856,0.0016565446208730557,0.20012342432122407,0.19145186304661405,0.05225988828401635,-0.2511088926635305,-0.04189227654411377,0.2767138927179537,-0.1469488303034492,0.2636471973668634,0.003937570978819892,0.6297536689140226,-0.2736034207181006,0.1325349750780109,-0.19919844879431353,-0.15670359263405798,0.34139546374722884,-0.7210282551165185,0.04287809188362967,0.0864905823946701,0.3365305208135396,0.009080268041082267,-0.059577470255570246,0.0061339582468423505,-0.3115009540637982,0.19896793989397155,-0.09412862329095927
16,13,16_13,0.20665786728840058,0.29678704131814376,0.17229002052393388,-0.4454353185377533,-0.056415373387313644,0.12307362994433275,0.19258251674294974,0.09095707711309496,0.1617523772997821,0.09187286518986376,0.13476303196512163,-0.1171400026450242,-2.2287145466871663,0.08262108867450184,-0.03619136969381812,-0.12009227534790497,0.120852086124499,0.0815200904399832,-0.1785724566910009,0.09583119418419583,0.16287001104972942,0.02946130286748062,0.16641295452038168,-0.08550109101039632,0.01638408568786116,0.27187135629027975,0.15031389361837696,-0.0024458223471785306,-0.21944980999917238,-0.09883778321582981,0.22448553118205458,-0.15789142271346399,0.28864102472278985,-0.004023317602204001,0.5999977855195462,-0.30134760930520993,0.12394584868591882,-0.24579315988714218,-0.15930044373848254,0.32391291149747625,-0.7558900483713393,0.016805873580381905,0.049701240529186536,0.33525568008927864,0.01600004138398758,-0.03019589148822542,-0.009286395739763975,-0.3070686215561041,0.14599353006817925,-0.007243836272350499
16,14,16_14,0.18003907520323992,0.25249792956652084,0.21520164122862018,-0.37370878283162506,-0.06311543669858884,0.08641747529990654,0.21902688809347395,0.1054760510241296,0.20216546304599972,0.0890405579108973,0.12496687916165287,-0.2182331622869638,-2.2766898445734363,0.11019444245794395,0.02348690528569499,-0.12918379015628198,0.021043239694645433,0.03421343621428815,-0.14701458942588597,0.13988867466065552,0.1824373163434924,-0.0004398331013832837,0.2447043826041718,-0.11300008667499892,-0.00432106025903454,0.2601056756407377,0.1402356324695228,0.029140514701756895,-0.20678478307167913,-0.07395359327015626,0.2866491185696035,-0.1919748176516471,0.2479297856223725,-0.05013511546999913,0.6034504778581817,-0.21620820423423434,0.156381896439208,-0.22198007746162463,-0.15720053869267914,0.33771186774964035,-0.7006831500539873,-0.03404542459428412,0.09174107643241082,0.2192321786535017,-0.018355375873305057,-0.05436704916638785,-0.06873391185994862,-0.2870716493050916,0.2167589168482441,-0.04056566458854343
16,15,16_15,0.22922740700388594,0.30095745108930194,0.1839594503931169,-0.3889343849982002,-0.026967700354621878,0.08371302890882362,0.27893120626249585,0.1327850139932707,0.21678237017362595,0.14938812682854144,0.13680626676484411,-0.16004603825359873,-2.220347675681114,0.112197880187471,0.016358512692386286,-0.061397038187299455,0.08602340747602284,0.0011716164361652254,-0.13957133193741486,0.10502559250370333,0.13117296098664935,0.07726109443797863,0.11477253274060786,-0.06884845645410158,-0.03167969915084541,0.2407928902921932,0.11874830737048926,-0.020704964141311524,-0.20828533608915417,-0.0842037619673647,0.2315447233008204,-0.1471278940094635,0.2770791202916631,-0.03767664677663041,0.5526661969189133,-0.22114690473037107,0.14054548948146736,-0.24733790885657073,-0.12569945914936917,0.28451273770936364,-0.748323814836996,-0.02489414712877728,0.06886678235813244,0.2035825588906716,-0.005907185485453478,-0.036919665682606656,-0.0789915202983788,-0.26502702531205224,0.161177767863098,-0.053205795604403
16,16,16_16,0.21408328909045932,0.3191963750551539,0.19760860225863078,-0.4063147322867404,-0.04038323922167447,0.09296518948659385,0.27614874336021866,0.13551565806132698,0.22217293456196785,0.13159816555086185,0.12338227653579617,-0.18394905258795585,-2.385853423178196,0.10416424495845356,0.0023049399510703303,-0.13033525829153156,0.022761279649355193,0.007910622863776305,-0.18987465767951853,0.11292585559633815,0.16462384944104336,0.014051506282042034,0.20611694384768436,-0.09556080836125395,0.015500763801603833,0.33357873809608546,0.1375664776275781,0.0041152464776215225,-0.1912175337519412,-0.07176443652927199,0.2718820572238077,-0.20167907923923023,0.2762588476741009,-0.0012900981192201883,0.6034637224415994,-0.20927743742411786,0.169991667217321,-0.22744037498804656,-0.1180658904658313,0.36995890593706543,-0.7571917297995904,0.004246002867479216,0.12871101695160508,0.22859647064046426,0.02430776426653293,-0.02002383754165335,-0.06932577730198815,-0.3142849236134101,0.20055909953080117,-0.026334117660933937
16,17,16_17,0.18105501518256858,0.23941115450612466,0.18233425276104728,-0.4152375168271992,-0.07183051293446932,0.08744276964358172,0.18333901069454953,0.11461275731029749,0.16598168246425085,0.10826402415790345,0.14876489967811185,-0.09868630596754653,-2.125592144966965,0.05829637902924089,-0.030377699746373176,-0.12386524491012096,0.0782108044687947,0.0014818953163675886,-0.1528987084321914,0.08492400358975406,0.15931528969667852,0.0607969133924483,0.20541608382121357,-0.08644280735154072,-0.018259523945231757,0.30807087427943053,0.12529133639665663,0.01751271152170375,-0.2401541207858007,-0.07701698003638484,0.2513095453393016,-0.08839516493600046,0.35171128718943245,-0.05963844455685138,0.6342510010192046,-0.2673716056095043,0.14706706983680037,-0.19210214232107703,-0.06938070856431551,0.35689908523165004,-0.7114602544830299,-0.02669870345131822,0.04723296785816505,0.24281812483497278,-0.02880859473707076,-0.0665699195339751,-0.08931108884116583,-0.2578259001676203,0.2288865479872776,-0.04398112997665188
16,18,16_18,0.19808613062011957,0.22544950196096653,0.21059619986730488,-0.4029197564493094,-0.05265636756566578,0.06796599057905815,0.2409518290546605,0.10087683688763571,0.15730267823151922,0.01864104447446445,0.1363411458508893,-0.07567536802266607,-2.3594539460094497,0.076022927821935,0.016030753298492663,-0.08494017848732612,0.041708551390075135,0.02611937930863672,-0.1760356668944888,0.03581870234325186,0.14322582047818036,0.06533427371097536,0.22891167005598972,-0.12731101896380337,-0.010620716536396194,0.31661184587590824,0.15124780266149634,0.0030327947032851993,-0.22611663791340317,-0.14367020044970225,0.2513296881137983,-0.10272680824868724,0.27426441327732953,-0.07897216722840207,0.6236726156356959,-0.23643575392324936,0.11291319764775877,-0.17463936286325427,-0.12574571388072453,0.27468838536109635,-0.6938120179927383,-0.022679760118801916,0.07512803220784896,0.2817650095328164,0.005599323686897412,-0.09954809176136108,-0.024614763353822816,-0.22365331924627482,0.1476823304172327,-0.028177414590896954
16,19,16_19,0.21980965834345434,0.2413597378124307,0.21057085810111953,-0.3904477555892541,-0.05191872747276317,0.09788827413458612,0.25617279859737596,0.13864934467222098,0.2102271863511744,0.07837499807819959,0.13974668451591388,-0.15236961116144837,-2.420658867050718,0.11117052113807474,0.04138597257034788,-0.13000421922781522,0.003606832037530058,0.01205617003468471,-0.14588897310887705,0.0710905103315762,0.14725721174023942,0.016367166058870255,0.23605882562167774,-0.12993623401604956,0.024922525676266922,0.25471368786256915,0.13204377501351447,0.0032461417217778004,-0.2081405587072673,-0.10890537472051028,0.2906923686427722,-0.16778800668442376,0.2785301012201951,-0.0667225472137358,0.5869620894700601,-0.20214881808855212,0.12126223436048762,-0.18830257896789826,-0.10204369445812524,0.29441136404769364,-0.7126930513113112,-0.03145275031333672,0.08076331810964682,0.2178840304698821,0.03341016812731147,-0.03182379313511774,-0.025745120825949354,-0.22140272441352685,0.17545554233011562,-0.030213796737167488
16,20,16_20,0.2149264100542361,0.23649086187145224,0.19745051089191326,-0.3708983728248212,-0.02941177072417405,0.07662877096639326,0.2515437708236277,0.1021246516007792,0.1872082108700717,0.07999765194792956,0.11898297415873794,-0.16051504174764786,-2.2622632894251082,0.08501174215494689,0.01888851162770556,-0.08781106044167515,0.05422365137341398,0.025363292769287473,-0.17433241711308559,0.10545617317159971,0.16364883360565052,0.04156364995503315,0.21809104158784504,-0.14353708108645621,-0.03509486132922272,0.19750013437242833,0.12110731297483047,-0.002101037628879702,-0.2197358629355828,-0.0778284628427139,0.2454954437514836,-0.1695311136474764,0.2526455926829604,-0.04428106690196459,0.573008202885588,-0.22412656167246126,0.12957302818626718,-0.21130168684715128,-0.16235581771988009,0.300679872005626,-0.7308712781004606,0.006686266242629952,0.10775697337403134,0.2791959080638157,-0.018698238753886133,-0.046531570391056855,-0.006953342498659536,-0.2546036856067884,0.13095725997592564,-0.10645328323460287
16,21,16_21,0.23664146772329508,0.2545456831613856,0.22846840353938,-0.37484026510238405,-0.02337451901609799,0.08657997627761366,0.26353863660140986,0.07969013505921353,0.23170690862236604,0.09071430040057749,0.12587421484556305,-0.1578537615038635,-2.2884064525846513,0.09550638642958215,0.020471281792608,-0.11417171590766238,0.03338793721876197,0.0482694988717295,-0.1373436266299142,0.09182030958078441,0.13532278727319452,0.009852717378957859,0.20738019153190357,-0.13247793748403988,-0.015408344328358409,0.3689800652735416,0.13162940484542032,0.006054956364565559,-0.20298838348037773,-0.10516222833745903,0.2414731355914433,-0.18245097479384934,0.26882414154818346,-0.07526181363256558,0.577374788151393,-0.2340777931366897,0.15370269998933392,-0.21973897920613508,-0.13865215381261922,0.28000117333290436,-0.6981297905797199,0.0015325928672551058,0.03899461808900777,0.21082018781828904,-0.008153583930482367,-0.05906629439954075,-0.03370925658682902,-0.29036045747043027,0.14752309212429193,-0.021685837538942935
16,22,16_22,0.12259428334400822,0.2261922922625672,0.1280213703111505,-0.38746898472679175,-0.07781200242207219,0.039709187180978794,0.1350986079578072,0.03457969638121172,0.18816663355893065,0.13361047818294622,0.15375725747647367,-0.09779406916380964,-2.065107662946183,0.027139203086347374,-0.0006946129539352379,-0.12415277136070345,0.10967120709802049,0.03238260623303532,-0.14395473363334374,0.11297164756854046,0.10748832971351036,0.0940630146426986,0.26480348603738263,-0.13849545333963134,-0.03840773527252963,0.2966283684178558,0.15139833350229503,0.03945053539652106,-0.2688448951080047,-0.06788336464037366,0.2915570574412847,-0.12220171301984938,0.30475543194376425,-0.07795460181794937,0.5639475159939157,-0.2709706857700644,0.07684457463224646,-0.19201769565971452,-0.10032212738925282,0.31434070636689454,-0.6081022811523139,-0.018993972359681564,-0.002065128536350618,0.28673392068594694,-0.04569296853421009,-0.1306027737045229,0.0038646098954097327,-0.3135892100730874,0.19271583989916358,-0.02748687231191588
16,23,16_23,0.19618950511193683,0.2465137093470642,0.2202736036225331,-0.38861395349545824,-0.07838113672821032,0.1091782653651711,0.2733598096679235,0.09730062417821178,0.2035778732632377,0.15299414217400725,0.15043517228426231,-0.11033951373951088,-2.3290255944575033,0.06709279012378125,-0.0337273643066686,-0.1044512102098745,0.04243399905352553,-0.015632531008562975,-0.15774518145894212,0.03336765951732354,0.07795029040426016,0.062480073526404015,0.1893238859925224,-0.07910083695840571,-0.057634464784402345,0.22971033451387718,0.12909816670411778,-0.04067170062297655,-0.24250227651341008,-0.09215774728668734,0.2014465008584422,-0.12494201925132543,0.2502055009320048,-0.0664019899352664,0.5306551676273351,-0.19043066726355332,0.08970605642647453,-0.22282980372068367,-0.126536777758907,0.31181688197407753,-0.7468333162532579,0.02089162479575363,0.02880053556333634,0.2194503806437546,-0.005071967656418095,-0.09278774081969694,-0.051654679005995636,-0.24335232592983952,0.1570174977025618,-0.0059350640663216195
16,24,16_24,0.1644270687025379,0.24073576189958576,0.164714016020298,-0.3857677558098327,-0.05199744552162222,0.10218097747090889,0.21380756807259538,0.06284345719666982,0.1832593443914613,0.14094962840053168,0.1411311855925967,-0.09394267018969087,-2.292548799785701,0.03703218377618627,-0.0028517658928070557,-0.06786279362118379,0.1060657267966731,0.016492318544028835,-0.163135877343699,0.0437145001667721,0.1479937705804001,0.05536129446091681,0.20864496298811652,-0.09831022060984237,-0.024416756121949715,0.30762618704783645,0.16715506541500377,0.019712838349567555,-0.23847574745304884,-0.11993653493383052,0.22221199693369934,-0.09638708503705196,0.24487296078692783,-0.033177986661427315,0.5162669916044582,-0.2144111547505335,0.10814291701906106,-0.2669691286388446,-0.09521929349072955,0.26189026083289224,-0.6983329684896903,-0.035094922391528435,0.015261124691724862,0.250459368548102,-0.006634901412127709,-0.0800236284753985,0.005216445186471736,-0.2840216594589451,0.15661937486041677,-0.012200857340212678
16,25,16_25,0.20186679644250602,0.2533677100837536,0.17453456760124594,-0.39249259931012437,-0.0488879024299228,0.09023934860014095,0.21352357900182364,0.07268409735568968,0.1897274482285329,0.13335918549154352,0.12394668736311866,-0.13142488357519394,-2.295227020001802,0.07050312402969242,0.054835408683637246,-0.0797919288170753,0.07991821613147489,0.0017438587278402486,-0.17682298585833583,0.041488764824519374,0.13027682486677267,0.030274245561650176,0.1855716315273684,-0.14362817147906992,-0.021583688685853707,0.2831380841833707,0.10985204137071632,0.02873120472583248,-0.21123812869038494,-0.05342123907471656,0.24113026103310164,-0.12996135379157228,0.23963221215612454,-0.07853309733823674,0.6015020358208262,-0.20765849686090332,0.09354384499029486,-0.1638810043099153,-0.07443524920047627,0.29682688811912245,-0.7132648802133369,6.900077349826938e-05,0.09220607404727832,0.24039497679733046,-0.00024389661848545074,-0.06291407705322824,-0.021020681621028745,-0.2640499683387089,0.18433838755991616,-0.06262024234575754
16,26,16_26,0.2509148460122998,0.2554145884544899,0.2453491841054832,-0.4128934481414035,-0.029339807926185638,0.0953038254406743,0.3321511832635022,0.10093773400445503,0.2101318617954988,0.11348083473448814,0.12953814128155094,-0.20618902261722488,-2.40049213571129,0.1324323161927707,0.032689200713152615,-0.09841360552753839,0.03501309741046431,0.0072338171217038675,-0.24033892648380803,0.08864758161831156,0.15668046108018002,-0.012077125380057152,0.21999642202691003,-0.12961918856362226,0.007523318316088989,0.3064402728255286,0.10756488548186435,-0.01851381454940161,-0.16834925544012716,-0.09726598309094293,0.2588482452825971,-0.16134520680578943,0.26772698650947185,-0.01978545459698782,0.5883932147795955,-0.20494418964113315,0.170879659833628,-0.2089308580993761,-0.14082717478568493,0.3501344324416735,-0.7289614537385879,-0.026284345218704805,0.12181241896043368,0.18465666480672857,0.006978209309400646,-0.033140122114370264,-0.08524409312478921,-0.2730931858736935,0.2049759710552516,-0.004150590228231589
16,27,16_27,0.21919959576471765,0.26495757692164795,0.21865498109118026,-0.39777129531344946,-0.03567362495095414,0.11741367161602659,0.22348794618943324,0.09659656742587686,0.21866550235187307,0.07873806090039366,0.11347353131893803,-0.17909962143748998,-2.2576178147512325,0.12802497727029463,0.002407049375367077,-0.10042678430019056,0.10495334512088447,0.036332688499789906,-0.06884839886470753,0.0826598600100945,0.1518817375852343,0.049927201958352645,0.21576656829565763,-0.13373885967166108,-0.07023869829307146,0.3330134167171576,0.16557740775101326,-0.0003445304848034592,-0.2608755246790893,-0.10410767082563217,0.25659503066802725,-0.17095171578009338,0.26010957099574356,-0.03429144748267444,0.5917479020269478,-0.27378476774867844,0.12102736419285921,-0.2488767977584811,-0.10522696275318809,0.27346752751618625,-0.6500343926360502,-0.011385209951549768,0.03813639670774779,0.2731715332798879,-0.0008143478073179722,-0.046847114821567254,-0.008719632374670576,-0.2749587626716889,0.12950414047740838,-0.0035442988059538254
16,28,16_28,0.15042540797093598,0.2245304675867958,0.20929971467074768,-0.3946936493671506,-0.08274232667537719,0.052428337318370676,0.18465308107122996,0.08387965043364297,0.21235843141389887,0.07920402866264764,0.1971230462778115,-0.1925915363040773,-2.0989597120804944,0.08762372559425931,0.05043722245567962,-0.1384183957962061,0.061153460112162425,0.004202272865350229,-0.04729377641852429,0.08792231329138914,0.12555532961791505,-0.00880123407645389,0.2946711667153957,-0.21475846762429027,-0.02762013370465202,0.3168688147009289,0.16262037105633992,-0.014822976394338928,-0.22580059908371228,-0.10298018991933579,0.27290857551333897,-0.2000460187890941,0.29620893855653974,-0.0917767800580214,0.5957969553823018,-0.236737378332492,0.12509466821519424,-0.19454809398913797,-0.10342742538038832,0.36799975057696777,-0.624183346000738,-0.05025301576994808,0.05990565686493459,0.20613131854329667,-0.0053643370108818296,-0.062028175818115254,-0.056663046507708675,-0.3406880641939037,0.203911320097323,-0.03383802078038889
16,29,16_29,0.12867998415946633,0.18351306332453318,0.18541920764837413,-0.3437980581431047,-0.05711744945660672,0.0350295196109287,0.2731395447236376,0.047248493904001355,0.20826624083856587,0.13980378694661125,0.16111147766761647,-0.0973864340747241,-2.283293895445326,0.03877488511754885,0.02867604283588555,-0.05381799564416082,0.11373077976305093,-0.03853764583764132,-0.07529354111072334,0.09899089376798229,0.044804816657458155,0.038781261674183255,0.2951493753229871,-0.17792811061919886,-0.052667683097602364,0.3561474495088024,0.09691221857005182,-0.02647431618807947,-0.21232645867310246,-0.11083568097092211,0.2665828817934893,-0.09295092486255967,0.28201684207272004,-0.10070539547185249,0.5807870214366737,-0.1846275990068748,0.03490125035511001,-0.1788420807556523,-0.08850633223636953,0.31195304276171715,-0.5887189857826075,-0.02208518908249543,0.02928087134119671,0.17535497883731938,-0.0028622488003320007,-0.14156389876255107,0.008089317082810929,-0.33858894117395666,0.15660945746006774,0.04640191554674803
16,30,16_30,0.15384683235086302,0.271376873370768,0.1814367729944713,-0.3913152055603198,-0.0583227601692532,0.08570583509281278,0.20697117351898642,0.09659495596795088,0.19816175608359504,0.09765392125330188,0.20205955916705232,-0.11159122297963635,-2.252230951212572,0.08770891559437256,0.05979361488116962,-0.07287104186023388,0.10490480394677654,0.029322935669033816,-0.07954762923728788,0.04864512418156885,0.09629780817706364,0.05716887416430946,0.16182424695968317,-0.14615227156459834,-0.0434795338789241,0.2921824707452095,0.13172083999679396,-0.06246114352887327,-0.24252825649737408,-0.12346435624799183,0.21488075742893148,-0.11428702100494058,0.23111952270917369,-0.06830594782809248,0.5906139659836437,-0.20607372233185522,0.09019552868028934,-0.20756951829164544,-0.08319828705579946,0.27077646475623957,-0.6437012672311428,-0.032865788470107044,0.022344365497613608,0.19979057394560765,0.0021572036979099116,-0.0797453789245055,-0.03288503050818249,-0.29121568344081894,0.12333164151800288,0.016926136977131
16,31,16_31,0.1285096653456327,0.19680707690004148,0.1900483377601942,-0.3530677386732706,-0.025896059225743926,0.023232017461814213,0.27877269370771535,0.08264025876710022,0.18045015103153267,0.14163413042104311,0.1905192975516445,-0.09852495053712859,-2.2752160776649886,0.06128491580149337,0.003179967528602211,-0.057758943575560745,0.07825536788300841,-0.04119003543849033,-0.11219665707362787,0.11141337124290338,0.013782013837135766,0.05018624542608632,0.25078535138719465,-0.19048632790297082,-0.05358527477446887,0.3447851377899698,0.08751064850001049,-0.06033855244817432,-0.20907134012127268,-0.08450627600789964,0.25030772083897573,-0.09564779166351002,0.28151212401170955,-0.09557262333180175,0.6030134406132651,-0.17096186776665373,0.05791021251451954,-0.14534202388174194,-0.057817805922899076,0.3328020369573192,-0.6146136918345035,-0.025507662826727832,0.062313461328310255,0.15092050802224694,-0.02598672209192891,-0.12352864706804555,-0.039158783267467426,-0.33433850201100684,0.18525209240077167,0.04104386443265213
16,32,16_32,0.11362693754124382,0.19303273859631162,0.1694224646853726,-0.32918864024402117,-0.04083214032504449,0.039791709920934365,0.27000935386379266,0.07427369027122889,0.20787431600591327,0.12084870828882553,0.1892596483669106,-0.0856666425504041,-2.3142093202191085,0.04608471276950626,0.013702674978725913,-0.017939896736619134,0.12002305335061407,-0.035398546706273265,-0.08289912084275189,0.08183322976930109,0.0020775291671968096,0.05850192531316871,0.26894990738999147,-0.16413291471027833,-0.06999976141743713,0.31014277483649855,0.0878656650666302,-0.056365990212015944,-0.21974348861227155,-0.11763550426665852,0.22995890888597945,-0.0962871241512721,0.26811949251795963,-0.09969537232865709,0.5676027843853951,-0.17740715252060127,0.016806490744376398,-0.17971862750044384,-0.0846086248905281,0.2642162605397604,-0.623345321645718,0.00224966135877289,0.042128145345617214,0.1732388167018739,0.031199834079819945,-0.13451285985968756,0.020629786902980153,-0.31885297773113563,0.1510739217453841,0.06227906158866336
16,33,16_33,0.15815971051254368,0.19987660955602327,0.2160016235223488,-0.35986043502340137,-0.03827687042553119,0.07895604209809363,0.26361616130305243,0.08316879616232435,0.20971040867999952,0.034857519214112266,0.15600045380194352,-0.14008075457738264,-2.3397849286328767,0.08196781419771665,0.04519554057241052,-0.06021745810786239,0.06888391587682823,0.007431538762300735,-0.1141814204659372,0.10875029676215121,0.06026229961433365,0.05120470224735268,0.2852724838671805,-0.16017716668790818,-0.0538676258477182,0.2580098663692516,0.11048021028113045,-0.05295378768513026,-0.21707637171659624,-0.11403633626413685,0.2430331095846081,-0.1504219734504866,0.24132800737213156,-0.09137311042581178,0.5372584266057592,-0.15688654847289848,0.06991400560835682,-0.18589382208043803,-0.13641599747145997,0.3038768335731842,-0.6196065722622827,-0.024190488277309682,0.07468331127156373,0.19938517160289274,0.020378056361009898,-0.088848975260854,0.012661754441023156,-0.2720862481418166,0.1560040943536766,-0.0013707396006977916
16,34,16_34,0.17715603472731475,0.24541021934710444,0.22421077110671572,-0.3404160489228421,-0.030269108717662415,0.05492956686565387,0.21769527700463576,0.07766539630413588,0.18738600270589814,0.07169050272953298,0.1526077119991117,-0.1328571774772302,-2.224683974856245,0.09231519811520619,0.06761451904317904,-0.10376843660238332,0.06689367364888313,0.0334646475954027,-0.08043681521833475,0.11863283087399655,0.08724110258138223,0.06385054775039732,0.22810514549824543,-0.13862844998823545,-0.01479705288740141,0.27590335829715645,0.12117701593919523,-0.048879509908147156,-0.2117144536667703,-0.07460094674814692,0.25173646670633126,-0.15429356404056307,0.2191958956416264,-0.07851276186827039,0.5912888883746096,-0.1992477286407458,0.10308078110683709,-0.19265375034634158,-0.10205640815880283,0.27443695727935324,-0.6407002978825144,-0.012439070479013025,0.0643569889671718,0.16293006035890098,-0.006222724012332037,-0.07108836752803264,-0.018567952367344074,-0.2977643684267865,0.16269791651949553,-0.010096729448663869
16,35,16_35,0.16020361172536107,0.25011675069773837,0.1506250973242069,-0.3605394055566793,-0.008114790957834985,0.10985691674928631,0.3001303881340261,0.1377526724947587,0.21780604013936625,0.14218105395557648,0.1869197294396895,-0.1541067975395847,-2.3174180663412525,0.0960397661648809,0.055340070088739535,-0.08834949618811527,0.09230661431525183,-0.02215821764224933,-0.13783073099792034,0.10608480830440327,0.0974032639134084,0.049750442372723705,0.13149331844899625,-0.10614422547985755,-0.06858645208592948,0.30599107652059976,0.10058641464759906,-0.010642455735554298,-0.23284247178318246,-0.08583842179117103,0.19778246032295838,-0.12480818797161596,0.2231965266308555,-0.06273662297017937,0.54573332772605,-0.17048554388262951,0.0955720837967145,-0.19105464141328066,-0.0468304215316912,0.3183136121443813,-0.658965529755704,-0.00921050858538827,0.08562126334401823,0.19665182098914455,0.030456496761106545,-0.04402830292441187,-0.05874925616773821,-0.24767279207322096,0.1441767667517221,-0.01679993625582447
16,36,16_36,0.2223304346340095,0.27056471409836436,0.16437550544704696,-0.37813254571481936,-0.06341449235285807,0.131968276066009,0.2524503716381221,0.09785069057427355,0.16382588414717617,0.10042275472097402,0.11264049645505725,-0.0845298846401331,-2.4036403976804843,0.06750369252356875,0.0027195349538214203,-0.06717477468167984,0.0955055471986714,0.013208401465610548,-0.19445320978624428,0.05187324153134463,0.12470750378849878,0.050777142895366695,0.17487631174648177,-0.08715054604018531,-0.04906987433976728,0.24052320962120605,0.13246746545295965,-0.024707076982102866,-0.21075885039867787,-0.10714369185829187,0.19286860955303642,-0.13186186397584473,0.20148318514561023,-0.05372098661923442,0.5352483034679075,-0.1862852187785585,0.07005239448299995,-0.19407624699576956,-0.11750565841226135,0.3048472368173544,-0.723017330879603,0.022407650338046675,0.09270871653575526,0.2609468500983591,0.017506421256257454,-0.07676351907411287,0.0018995937626767236,-0.24314376847568628,0.14251067370982703,0.002585167360086963
16,37,16_37,0.21055817305582772,0.25049567552587876,0.195788713260509,-0.3462632442645442,-0.03978246185803213,0.07822125043290165,0.27510195212940186,0.09585036178423952,0.22595881488254796,0.08511714194677412,0.12858877735337815,-0.18240535538979413,-2.3216384491668296,0.0998795227183459,0.06405443008966707,-0.057361157407285646,-0.0009729081480495202,0.01779217147066867,-0.1315628305937235,0.0908054174327005,0.15676304929925558,0.04860814530491972,0.2515926737665163,-0.09548209224326107,-0.026214071030083757,0.3244494731591728,0.1491445079132413,0.00875414579282873,-0.21370667997353637,-0.09223476484755967,0.2893566011827296,-0.15712396553639196,0.26280644635866895,-0.0783629449691104,0.6074175128283409,-0.21057067782833025,0.13405059396805322,-0.20798561467941348,-0.16070287566568509,0.32211530909766084,-0.6396342924294564,-0.051235069234210714,0.04832834172842782,0.19587487164020645,-0.030794035722255312,-0.09109072563632463,-0.04896794030299553,-0.26724543508876547,0.14256271878884247,0.009900725630219452
16,38,16_38,0.20971406988230432,0.2596351807937026,0.2217209455350207,-0.38629095289183574,-0.029291866279931533,0.12073958629431823,0.2714445014484227,0.14286957821394836,0.23220345492785174,0.11360558572535713,0.10659849275058757,-0.14300431041823078,-2.43325717581643,0.0934200251119263,-0.004474151142251988,-0.1000671848292566,0.06191151460128216,0.01301479894318618,-0.17905470801310408,0.06632857913047903,0.1907002509959663,0.08636656628093786,0.17971561684712975,-0.07957283617514703,-0.03990933964184175,0.3097187211323116,0.1389032335673821,0.0003369265727491842,-0.2062420102748244,-0.06607988990791556,0.25377107754142747,-0.135453034300978,0.21442978952582054,-0.029127760293583074,0.5492425218250395,-0.2042029623954376,0.14500595109226802,-0.23555200354506572,-0.12437063271257405,0.2807831764583372,-0.716977744590905,0.02496473563628064,0.028783482881327573,0.24791463934299018,-0.0009722512629297044,-0.0720555655632375,-0.022731768324350317,-0.28170308402946426,0.17390661665962803,-0.0100864541846224
16,39,16_39,0.20269553360513187,0.2558833599202977,0.17599863657609416,-0.4193796488889975,-0.024194077126970834,0.1394519240290312,0.16266705597457798,0.10844331289489015,0.20440348707027092,0.07048638352265196,0.12787951524208846,-0.14740142750288843,-2.087007479164107,0.11075098450990105,0.012771065172273666,-0.1202370028437019,0.10371996996249876,0.07319446077285804,-0.09785941344834383,0.09663078785825778,0.19103906059372722,0.11417966098364057,0.1742479097708289,-0.12746262303874667,-0.04806456068161361,0.29016988276471867,0.15013136352002943,0.02195264879164511,-0.299319362238748,-0.07239646396342793,0.2156774820653262,-0.1787762198063288,0.2452337176675491,-0.01476791019326654,0.5765212121066349,-0.2485133967410516,0.11825486300171931,-0.2902534537013331,-0.11112597728437133,0.2684549487452826,-0.6698026496371061,-0.004112370436406968,0.008437437899029364,0.2925691145155097,-0.017894237458802247,-0.0165836119618877,0.005951603380802633,-0.2857454072459248,0.12223084592902712,-0.0035469179338492567
16,40,16_40,0.21714214225387163,0.24347975405715186,0.19028985220470135,-0.4017106454894447,-0.012895463790819548,0.07249654790592823,0.15876123822925475,0.1241131559664371,0.20744228921283736,0.10330675937385367,0.20883866834404236,-0.20809609380424893,-2.1784207718884385,0.09402202642733706,0.05592179159015017,-0.10708459734529156,0.04020503443672053,0.04968839005181166,-0.1441319641085254,0.0743496869956362,0.18271633382611627,0.08602720707492441,0.24949238868352125,-0.11052923254831225,-0.018797676133666962,0.3222490297263213,0.15008576795765066,-0.0014760056973006045,-0.27323202957592957,-0.06670526048831092,0.2474838051626196,-0.13215386272164298,0.29563064411307544,-0.07607682746008426,0.5951802199643931,-0.19103452682748262,0.12731936839159153,-0.21674102227259803,-0.1520627230544881,0.30217889272264087,-0.5987847085539002,-0.06440624268881777,0.05162863547510574,0.21827705062327332,-0.03803401506793429,-0.08265689830452004,-0.040532307149279835,-0.24322374354447895,0.19123017851688318,-0.007967978611591603
16,41,16_41,0.27535433102123164,0.22792658596472057,0.25359353372930654,-0.37747363903456266,-0.03908149792071156,0.14487126650390025,0.36426237881597545,0.09770097514545475,0.15716193393239303,0.08037376221941991,0.16580076814387684,-0.16585797132510277,-2.605944667922126,0.11199656132505172,0.04238871150926032,-0.07551385046638272,0.05119071058170111,-0.00644571799138147,-0.1929905753168795,0.06351632464125201,0.13574000050020577,0.02605913055681244,0.2356160245594327,-0.11579929781318815,-0.0390477645314402,0.33348798580226247,0.11578622192696289,-0.06418139385059476,-0.20247404083644074,-0.08721052482551722,0.2130399991016559,-0.15376357873211857,0.2562071647460538,-0.05452552917801465,0.5891362831548408,-0.11260009357205558,0.11202822746590418,-0.1630475283211261,-0.09376249185038937,0.3175864679393945,-0.6448317714587406,-0.02287395059958928,0.1280615557519788,0.1621321567705039,0.018985871129013874,-0.0450364834309935,-0.018633423485206784,-0.22158272746320884,0.12325726779936641,-0.01925328339760502
16,42,16_42,0.19297097956935075,0.22898857624512975,0.15886152223190395,-0.4098630491644144,-0.03755287106057791,0.08333034134145988,0.1762871122767177,0.07790227022348478,0.22651969010589906,0.1201035499866323,0.2172302026554699,-0.09848125286775346,-2.115397948447777,0.09399851914318076,0.023148650606542462,-0.08552591586837104,0.11806857088231482,0.033636928626789166,-0.11102826054380073,0.091387756319423,0.07572363144161341,0.04406527521108649,0.22551231403359334,-0.12520131929752254,-0.03630496322084977,0.2932751741059094,0.15981083196010845,-0.023128954766909137,-0.2080443370658664,-0.11072534221982452,0.24143927858297146,-0.15356621148985933,0.2962089480070458,-0.08740537294437198,0.6048502273877839,-0.2595235203650942,0.07531519728059799,-0.21822306468928457,-0.11002208583142972,0.2845412703413192,-0.6539694189078823,-0.02216074911310621,0.02192732766367123,0.2231396170201428,0.0019637332512976845,-0.10346954611573576,-0.04442011560414634,-0.31843876717207226,0.1806053111801663,-0.007531226552363596
16,43,16_43,0.13560133564830593,0.1555079079978168,0.18664155200556187,-0.33390970226909433,-0.03138527818456558,0.023209932007427728,0.2614033738600223,0.06155654255433806,0.20402757306333763,0.13805482966027088,0.21522412356388357,-0.07301420956517436,-2.258753446702446,0.04598582812252321,0.04335610213756029,-0.06635498975802745,0.09335873426802989,-0.03162524865075414,-0.1021573735108333,0.10936028415156346,0.015535278961449097,0.06101018530532851,0.28857565358281134,-0.18858625108376145,-0.05114303257940005,0.3172843641468457,0.09605159834991875,-0.031810616506263614,-0.18791665486991405,-0.10562769067972633,0.2507033419758747,-0.11283749285553182,0.2831361338602645,-0.11606308643307005,0.5650457934609481,-0.14825804951201593,0.04833008742691683,-0.17715894477109292,-0.07278261149169078,0.3333418682144423,-0.6296234452059226,-0.02082236602170659,0.06882636132600185,0.13944939292002737,0.012368885085784964,-0.1263494274219764,-0.03299790888825165,-0.32261016662099534,0.18964251288678496,0.012305420489449586
16,44,16_44,0.2186486989105488,0.20565779598512848,0.1961655354773875,-0.3845896483428634,-0.01479764274695212,0.08370788256169866,0.25866566967793037,0.05473185593861446,0.19587339955207056,0.09504827321507037,0.14917902648152345,-0.09322717224224025,-2.2124643397938675,0.08650224282151195,0.03736731523420264,-0.05831638891172038,0.09206391911461333,0.012684152246553712,-0.12455243701233891,0.047188384256734967,0.11474716651793214,0.0697059090483554,0.23180504521995687,-0.15264361897768203,-0.04114053379536672,0.2510751732714047,0.1253106862975427,-0.015153675429837386,-0.20277622836689424,-0.0726602689606274,0.279719059309584,-0.13291560210862974,0.2538657627963542,-0.0911101789901828,0.5265617101293081,-0.21362821333359477,0.071948243359958,-0.21450265010620118,-0.18228025956058602,0.27680194898134775,-0.6877120681118908,0.009952889596687475,0.04330171354798671,0.21293049505733808,-0.013268647094629408,-0.085808518200306,-0.02390952101226051,-0.29761560403024123,0.15060889650474357,0.017014705771758298
16,45,16_45,0.18166969084025672,0.27650777262354653,0.14261690466590818,-0.3902678628792129,-0.04838106648475375,0.07151212489661125,0.1924809521389386,0.08507019895200972,0.18202702175559743,0.13625485786340302,0.1418992331868688,-0.12045127774278323,-2.270608995641981,0.07182818243745714,-0.004020412962528921,-0.09129245386579968,0.13777353986820562,0.019869554597659902,-0.1498523375448135,0.046887253244806616,0.15179178826436993,0.04260774268510027,0.21574606264420298,-0.10950765407289423,-0.02292859556508206,0.2903507989960619,0.1632430087331505,0.02138732163612509,-0.2217755148035755,-0.07113147765076497,0.2425366452664584,-0.11820829392869085,0.2668111049717972,-0.029437906122655563,0.581228020327491,-0.24382426650337283,0.09665820640437896,-0.18122797767772147,-0.08564135610377269,0.2980668197371184,-0.6972945179967653,0.0033599476307807933,0.03286998717221505,0.3180918637552254,0.011809568104541857,-0.06754520503223858,0.00524441289552857,-0.295530595934935,0.17636086031912812,0.0015645138401952055
16,46,16_46,0.17181610223254423,0.2524266390103434,0.1851184175399963,-0.3719228828963015,-0.08132275336137611,-0.03027688609643541,0.09430504381422422,0.050634830894910145,0.19214398840450664,0.1654016087120331,0.2515790259227168,-0.14459161053039674,-1.9419985522633185,0.022571426457192185,0.045617545241403566,-0.11428273571473908,0.06779252782409653,0.007711267844330474,-0.10041309781386488,0.13350894783127182,0.06372619250720969,0.15129954924430172,0.3256407977474998,-0.11745367182382455,-0.025211065262416656,0.3198520925821748,0.15036664765277977,-0.028859673768859135,-0.29290466880984184,-0.10642110228161732,0.23182588627019585,-0.08814411148711938,0.38673712095680707,-0.11455141711565396,0.5673517983345437,-0.20994562737247768,0.09449976454154327,-0.16549877559366735,-0.15479154771850528,0.3226485604472238,-0.5772248644599256,-0.10280098588189143,0.029930113939377397,0.21491403436437417,-0.0486884659032817,-0.16324137334647718,-0.02480476208813321,-0.291004375028661,0.24632255285894666,-0.03990513548468627
16,47,16_47,0.19205732697612773,0.24455711771161895,0.21165509585267353,-0.35154301024675416,-0.09181827179572195,0.015235662979779184,0.17179321567694025,0.0687886084665866,0.16460832665218925,0.16075402804663963,0.2648741984526047,-0.12734213976573014,-2.1950710567389673,0.021971447919574713,0.06610557477019241,-0.08090682055821263,0.07236769527315566,-0.015606486305527597,-0.1028735720612482,0.07647127770891919,0.01583311725390844,0.14992244946082076,0.3390769462272244,-0.12297950187649713,-0.05156796299506867,0.3487129503670726,0.1398212874884357,-0.06100114515672835,-0.32400973741756695,-0.12379828209112755,0.2032476634971065,-0.0776134074805531,0.3501737573367618,-0.1420110138744809,0.560362391149905,-0.11046407176735426,0.043670499921979446,-0.1666000874854971,-0.1340386305318623,0.30481446049515487,-0.5272863246030299,-0.10082523644745459,0.048810431151765914,0.21777689892183588,0.0009642300297288902,-0.18698536970954582,0.014281226706848572,-0.2710902309203815,0.20617100603526844,-0.022987216575049405
16,48,16_48,0.2097752086194272,0.2803218144467059,0.2712274815568624,-0.41291969464724065,-0.06223744076150872,0.028108865633389362,0.14763590654511335,0.03530321955198661,0.15384608930407445,0.12685826203393602,0.2544154636151715,-0.19433197314587525,-2.0414931885033383,0.06902267214209248,0.09195074686039961,-0.12732866254215588,0.047697625526939215,0.030245644462395763,-0.11508769177663504,0.09604627758390274,0.21564120536107517,0.10351452130018987,0.3587049778894767,-0.12615454637307072,0.000548686988197506,0.3596331909832643,0.17634503949856797,-0.05424349257659009,-0.2960049896855717,-0.12788940829493498,0.26741870547879115,-0.15108905788801766,0.37534858230471596,-0.08540591485492956,0.6173945399701473,-0.19406424187423946,0.12629798846664092,-0.18010219136285177,-0.21878552452121325,0.3476271583709126,-0.5276096876871672,-0.13883871544453663,0.07679578510038267,0.18528925715061054,-0.05516282077378016,-0.16001589556715776,-0.02006267037828082,-0.3015816315695228,0.2372593180000138,-0.018552963472761138
16,49,16_49,0.20578962473147655,0.27455020739921043,0.2519055409780344,-0.3859438818084038,-0.07278423061825214,0.06174508807800655,0.18480531559795926,0.03073839196986447,0.13750374252895012,0.12524768115047338,0.22779253905075092,-0.17736847909148873,-2.2001160240009767,0.057049652534828826,0.08153577336777983,-0.08624402725047756,0.05998574094316025,0.026064631290037568,-0.1451111894749123,0.055287923128821574,0.2078317228928113,0.07403370510044062,0.31965827493463833,-0.10822141628518414,-0.019324927227788218,0.35261858534109997,0.17161167617200562,-0.05464883587636004,-0.2649927194085196,-0.13074664379143133,0.25620198867576416,-0.12895368578509833,0.3264588043166704,-0.077598011516377,0.5858567104359192,-0.16902664773953036,0.09755971466506516,-0.17479348966185637,-0.18841890334153089,0.3317783665239465,-0.5396782636803849,-0.12329481796912899,0.09561402556537754,0.20481412494636564,-0.04798233558118069,-0.15529995430980242,-0.025280166217951674,-0.26238385411380316,0.1857480697972201,-0.007166676917311368
16,50,16_50,0.20983636526138855,0.2541894089570483,0.253172918244025,-0.3733050572600455,-0.06307235566281709,0.0681704138192015,0.2142852785411812,0.05384446681191965,0.15272903698261553,0.14570147430269506,0.21483206777115685,-0.16297734441158762,-2.2983932707561268,0.0579356215219227,0.06892767755652206,-0.07959952855113159,0.05281121955293769,0.0033532453912904128,-0.15943213383658628,0.029548339946558613,0.16104646071603676,0.06904791646208208,0.27660569101059385,-0.11658836392602465,-0.03781135569026463,0.3268883338415944,0.1559956590706427,-0.06238661036568207,-0.2350009548323231,-0.11690794571448083,0.23800071862808198,-0.12361630160065684,0.3041628618164996,-0.08164277071562605,0.5711112336522618,-0.12807188805365197,0.10323162467577794,-0.18789294435829032,-0.1777899804061018,0.3264017963764864,-0.6215365839233502,-0.09246494428065022,0.07247843239403014,0.1951436065894086,-0.0285119377888329,-0.1382955373715558,-0.03957783162440045,-0.2691915853213895,0.18178984167923673,-0.009716747415076072
16,51,16_51,0.19608923188264746,0.26515168690344515,0.22327002623666162,-0.3602216570468426,-0.05950522598684546,0.06288426552241132,0.21101592364937655,0.07686347645742743,0.17663085399479803,0.16779826677860185,0.2004298942455925,-0.1679467391390261,-2.20708909617834,0.06497919592879557,0.06488281972387115,-0.09743488484068609,0.05958584916824706,0.004942363312655121,-0.12979385152412348,0.08930236548959525,0.16887305391358476,0.07406234016933591,0.2631232473657238,-0.10477979860700253,-0.040592581788673025,0.3261900959309958,0.15012946540302605,-0.037408183748393595,-0.25599759801235467,-0.09624194225097635,0.24731052759370395,-0.1178892888030541,0.3240634952798929,-0.05526731041431653,0.5673141985803509,-0.17739462023647157,0.1094388807135826,-0.18127897461655576,-0.1560327537425981,0.32676901723946866,-0.5967898922498631,-0.06967668474534736,0.09368299488102434,0.18825664401988015,-0.024455770829382814,-0.12808030050666194,-0.03006042673069956,-0.2857481024063957,0.1823878655663919,-0.030990954051019565
16,52,16_52,0.23617161722493754,0.28362490193929846,0.20644456383708956,-0.3620139749686199,-0.07430179158760483,0.09645518272206831,0.20463306426622527,0.08399431215653794,0.1970347946547087,0.17938670053478778,0.17197047890847358,-0.17441800507259797,-2.2456101121748855,0.04736291152320193,0.0445972933755709,-0.08063210573961026,0.0746492217282296,-0.0015108552840423345,-0.14152136906251359,0.043969260935418676,0.1676004288702295,0.08972049970880444,0.23649622852853672,-0.08979760691448817,-0.05466302128955664,0.32942798267007967,0.1453743586145136,-0.02737622714118549,-0.24863677493326744,-0.09761306201754552,0.23061280307053864,-0.12279405969951049,0.2977195019132377,-0.042714869682562114,0.5395997720799283,-0.1707337304653692,0.084599574998001,-0.19605388566542611,-0.1351194837900241,0.28476760806199625,-0.6093559041270773,-0.03440781461073511,0.06695070445830761,0.23228015093043747,-0.024748720378345662,-0.11315920975400252,-0.02794543089453608,-0.2511103388671562,0.16857906299179534,-0.007691039761994034
16,53,16_53,0.2353729793006399,0.2687730302212812,0.19835205495130342,-0.34855122817255807,-0.06616384280500319,0.09198942993392241,0.2290266496679073,0.07625969524320277,0.17035327610756212,0.17837646743444363,0.17668304078405425,-0.1494070802178208,-2.2930819822682276,0.06107256418737153,0.01944850697408482,-0.05613008593738616,0.07429896935930931,-0.010285941446555726,-0.16227446019492062,0.0452152769872656,0.13890478621073676,0.08117119161670416,0.1984966693716059,-0.07729524849006945,-0.0487777143836057,0.3034300581299855,0.1463281895153664,-0.07111659338463344,-0.24717640409976915,-0.10625731131141139,0.2137755027678294,-0.12069355730838854,0.26805490107936847,-0.059329235266987884,0.5577627779016944,-0.1516692359639112,0.08154279194958589,-0.18595443979756965,-0.1362211011429382,0.2775837003339095,-0.6544270381527895,-0.035848458422050394,0.07226598957711555,0.19831183658111387,-0.010297910131662825,-0.1255545414577581,-0.03878683563824678,-0.24079944040083015,0.15360347871238547,-0.005922730703180908
16,54,16_54,0.23333740300859063,0.2819325564905739,0.20531367691910418,-0.33656806675753614,-0.06763033597462709,0.064006643941525,0.22635650593292667,0.09816314130239334,0.16334895287383233,0.1616602566310803,0.17557845999272104,-0.11926666006661435,-2.271451430162415,0.025523937873458635,0.060481571905256715,-0.06438498282670935,0.09760610157172778,-0.005602337090749643,-0.14061135714632655,0.09021580680564512,0.12278566568056704,0.08955033553957037,0.23053160031122388,-0.0886834020511742,-0.01999883659578927,0.31132035292102955,0.12401839855920116,-0.05687231307474594,-0.25540148268601115,-0.12298498831557936,0.22526351630972385,-0.08421552723412162,0.26527946667465585,-0.08309900533254222,0.5409107315936126,-0.14321989037625826,0.0962489718458528,-0.18320266152136355,-0.12972115015600139,0.2810783251434259,-0.6138277113022923,-0.051562864653533325,0.08373840050012404,0.21698819962057314,-0.013284348769502685,-0.10618291642049371,0.00194402450506459,-0.26355182937550126,0.18120217821501683,-0.019473493764735395
16,55,16_55,0.2370518737068778,0.26286906339082633,0.19777829103986733,-0.32595691155456735,-0.048650679433194455,0.09419062325287086,0.2530256850621299,0.09536095910370931,0.15541791268879024,0.12973045414182707,0.18244774495924504,-0.10992043909063795,-2.3272852946072815,0.017623942872160115,0.07330061740722157,-0.06122222025151132,0.12090644415802672,-0.004020902314732666,-0.10807071528179221,0.07076468594510743,0.07891950136785227,0.13625683370701153,0.23382603106019814,-0.10586488815424673,-0.04105991957958395,0.35397257821896344,0.13647954317511904,-0.06413700228113157,-0.2599764580034389,-0.11879097720157006,0.2233568806972471,-0.09719502592633944,0.2658098379746662,-0.09659153476532083,0.5209650385171699,-0.10125069477580836,0.09975417022869806,-0.19181493428868635,-0.10253079156682361,0.25358048769267044,-0.5555740641864759,-0.03408828426599939,0.05705755292055983,0.2086249070136546,0.009968094527948779,-0.09864926246082177,-0.001073448961557233,-0.22972809437014802,0.1321004633880875,-0.020536605680717912
16,56,16_56,0.22655454491928606,0.27047248058651074,0.23257735509431765,-0.39755802184336975,-0.022530694815154125,0.037117516280126446,0.21013654813335908,0.06313892437958164,0.18477876569066995,0.1546372334111656,0.18293799787170015,-0.13709410248233583,-2.084465646221046,0.03950474705496179,0.05794968790372575,-0.08069672628328327,0.07844320102667718,0.009646365953506457,-0.14854696248541321,0.09173666727188168,0.1657936701080115,0.12669431934544736,0.2823811851596727,-0.09550316889445745,0.01156113664237761,0.3130973775272845,0.10298349189992086,0.004374834448990151,-0.2764275681597641,-0.05686960974456276,0.24043061226688045,-0.09525850090539774,0.302589858542695,-0.08579591123887352,0.5601454110845822,-0.19710599056525677,0.125687868234379,-0.17194813657774757,-0.16510194615494875,0.3277322691250041,-0.6012536324825826,-0.03249245018161014,0.060677710867734574,0.20154692016060385,-0.03878655888836042,-0.09182208650034761,-0.013401825890286587,-0.2698762818720406,0.21096997946322577,0.01519394370834375
16,57,16_57,0.22926841665191336,0.26489095184920836,0.27398213244539094,-0.39251845332390595,-0.02896197705639939,0.07734802906036618,0.26095281561408357,0.07186347049946562,0.13441555371446157,0.11257827013741917,0.2001930470305524,-0.16475336876023253,-2.260165152904977,0.07988228239641362,0.07234336083984008,-0.06269843278037765,0.06613252558677882,0.012491738671607371,-0.15301950520889868,0.05794665636031888,0.14727151963250304,0.09268949954145812,0.2785144542727461,-0.12963587980133134,-0.014694680557113315,0.3040611708295598,0.13322321628259357,-0.05123238994039119,-0.2696312392378916,-0.07766883247833382,0.24428165634630464,-0.12469888870600698,0.31324671632137324,-0.06099965996470148,0.5769351618561943,-0.1457442439985763,0.10104291575927553,-0.1820988364853682,-0.1555641390940374,0.31061833727913574,-0.6064769384774991,-0.04163370177021518,0.105221883080828,0.18173030507400004,0.0064571686369682925,-0.1026210805204885,-0.01731356584510633,-0.25304714234984466,0.17612619772626203,0.005089220086412232
16,58,16_58,0.2401643035683525,0.2771859309616994,0.22606835035072456,-0.36072509627117316,-0.08693301568453865,0.09263451705238787,0.24708237698930044,0.07797487315004256,0.14825139043310437,0.13497902718382004,0.15794613724710604,-0.13831692133421367,-2.3486144961843713,0.06470124288843346,0.06273557781309913,-0.03749835857973782,0.10064913192666061,-0.0005486755724962289,-0.15335046706281397,0.05575725072940365,0.13078458923900946,0.09956250058443487,0.21327100535146673,-0.09667984795673581,-0.0172895544475967,0.3218049317154467,0.1518840975410132,-0.050728734583173174,-0.2598600781615279,-0.10344469302403843,0.23495715549242907,-0.10038056919774672,0.24577194618756273,-0.06721323003229271,0.5603177585320449,-0.1521162733771495,0.08204158563650218,-0.1800444820238487,-0.11744474654466497,0.2823161166537436,-0.6162347076469229,-0.025357247298591557,0.0814457585227884,0.21212859789443295,0.004523078222385994,-0.10695021375474228,-0.003395332528648582,-0.2526639947310813,0.1479233974890531,0.0035465320913333513
16,59,16_59,0.2524671421668792,0.2840865521770707,0.20215604554738043,-0.3460718656652379,-0.07372782151646248,0.11084932997094962,0.20973988571301935,0.07422315215085831,0.18264488526660674,0.1590159223962944,0.18354492894495134,-0.13451386885383734,-2.2442305884161198,0.06068926884457339,0.044151025177941505,-0.050284436487892346,0.08258338667935906,0.03370239739603415,-0.1840969592787104,0.05684858881828735,0.11963590254829676,0.09245153675000584,0.19726239867696466,-0.06448411695387253,-0.0067360863674487395,0.2698236467248363,0.15297911756804664,-0.08941125938219908,-0.28091697852531045,-0.12668032975076907,0.21826699835987487,-0.11189919043661233,0.27423645427631266,-0.06409672431979928,0.531890864106273,-0.1643550341356207,0.08224785042612429,-0.2298557136644987,-0.142213206663337,0.2439222424023441,-0.6662845680542238,-0.046140380975382464,0.04080622760563522,0.1932352001777153,-0.006249472217217504,-0.10977951210306411,-0.030747259013217197,-0.2197811362851359,0.1507820555640277,-0.006061371769169932
16,60,16_60,0.23221622257511698,0.25882031924146065,0.23086251537406854,-0.34311627871105815,-0.044576065015851284,0.09000985547055618,0.29483688321402846,0.09379575592557005,0.18956681551804364,0.14143744036920514,0.16834244698938897,-0.15886209929651837,-2.412223415829095,0.08393711862131478,0.05817903456981203,-0.04590286632974669,0.04327431512498936,-0.012819381016671804,-0.15167541107066962,0.07088534283570434,0.1050006705235836,0.05115593752741594,0.2147104684875219,-0.119523174430965,-0.04272504404013721,0.29663375398262826,0.14769856949227259,-0.04831627779548951,-0.21973881151015853,-0.11462071631725777,0.23714372587079804,-0.12478537047464473,0.24666164068107987,-0.0661651948600575,0.538020120531905,-0.1005733321192583,0.086736166611081,-0.1706458717494445,-0.13121917724367413,0.3102638458394829,-0.6493942756790156,-0.031691726063396417,0.121563856532642,0.14871067774719468,0.00690473924737935,-0.12165782240164631,-0.06281827589458165,-0.2390483993785821,0.1358984165770166,-0.015247967574453238
16,61,16_61,0.22244928094704508,0.25946097797257645,0.19392842008713998,-0.3392189910604536,-0.0676678405120494,0.08315018630816542,0.29773026782854956,0.09993319511635314,0.1847295394691173,0.18429011614837995,0.15991702766326604,-0.12439319331985875,-2.3238034379832886,0.05547645103355285,0.06788455300542695,-0.05087852269820823,0.08531325405897851,-0.026959990541560248,-0.15659311249727775,0.03266315359060707,0.061715234296998996,0.07647685085847865,0.15112800265499163,-0.06776911472130165,-0.06127866862894449,0.2634112544485605,0.17145454425104512,-0.05565483614062781,-0.20533401145846308,-0.09710100800821594,0.20127499872572063,-0.0918182901474282,0.2534795715245327,-0.06813843016553779,0.49659271886533435,-0.12135285202998157,0.06780215713033434,-0.17839269039755248,-0.13852057545955176,0.2949702515787281,-0.7083398833940509,-0.015312441711441851,0.05739571919828307,0.1804643108998254,-0.013308930618222803,-0.0851141361133926,-0.0526784199379001,-0.22280676799881108,0.12861404883305488,-0.011020908196109767
16,62,16_62,0.2317312604107155,0.28204345523200475,0.1693261717861527,-0.35672454194038966,-0.08174644529539654,0.11177081616372395,0.1895997911383411,0.06482152561678993,0.17935666004676773,0.1673941123818524,0.19511501114223012,-0.09973404650738192,-2.1992761141537502,0.04661024472142784,0.03125456695886495,-0.029484538610657335,0.14044959904544171,0.026591018485036533,-0.139732119067219,0.0024494315440735906,0.10589290323771483,0.10525448553148273,0.11621051029074815,-0.0700292645236521,-0.05911014112425277,0.26090721186510607,0.16495150015492674,-0.04617005668606766,-0.25685599011132937,-0.11360652593430132,0.20750726954443074,-0.10549804225712665,0.26314117071140086,-0.0762630660860786,0.4980000633693917,-0.18890873640950576,0.05489207877058256,-0.2157742923058399,-0.11727098490115902,0.2396707660081346,-0.6868200244703395,-0.01391365654625003,0.028003003596585214,0.23347270580286275,-0.021281670876822385,-0.11983287464575886,-0.054647745170516834,-0.2180467172134493,0.1333661921892945,-0.010589762062857479
16,63,16_63,0.24622032590023132,0.264315099307133,0.2250563671562675,-0.3260990152403442,-0.054713713145338766,0.08779625661408415,0.31368897329266676,0.10427811955929052,0.20813642425967288,0.16412716278384892,0.1842328863655472,-0.17101458217181245,-2.436227592717669,0.08286616022506073,0.05401226364247834,-0.05334977739537395,0.055760827560664555,-0.02223087000117259,-0.1625267693710477,0.07681044920961576,0.10819587580939005,0.07955606965274634,0.20843690474044177,-0.07832592001621216,-0.027222207509691426,0.39855588359274385,0.12007371216814694,-0.06664141154114428,-0.22159283092523815,-0.11388203440567052,0.19665784790966265,-0.1170869768667425,0.27494197368216,-0.04708805901220188,0.5595562997060781,-0.11904480394792831,0.07732862364773914,-0.17323154704861318,-0.09469094107515444,0.2927889743697564,-0.6264214556476924,-0.048500657488082084,0.09495509621802999,0.1525969364694658,-0.0031163935931971787,-0.11524586604814456,-0.0454066079409075,-0.2298950326119097,0.1501301818934735,0.011846441564191778
16,64,16_64,0.21576184787872163,0.2511194676758764,0.19292816643494667,-0.3490373362490738,-0.05836051942473701,0.1074874188634567,0.2433847466018051,0.13839145847106754,0.2448670584285124,0.16130358627626926,0.16598459105179328,-0.13388039062291765,-2.207648957550356,0.07880149532072457,0.054148335844564084,-0.05376017560609563,0.08307069320207203,0.011047557786117646,-0.128257448409303,0.06819806101636706,0.10911097330534342,0.10417056126475059,0.1342144015335097,-0.07386529181729368,-0.08023427959812,0.3117412502813915,0.12105515091124372,-0.07389506319834088,-0.22935576240574432,-0.11897123330643146,0.19151799847267367,-0.11195971672714222,0.2608948078146072,-0.06173139813373299,0.5000869000267069,-0.15892700275699925,0.10905652580880666,-0.23597719801723957,-0.09730009691371709,0.25562410229626537,-0.6991250845444896,-0.06143120709351602,0.00587349487465293,0.20298113451810257,-0.06256226188667245,-0.06690644508158915,-0.06924648819470101,-0.26351769673915854,0.12578225774036997,-0.010022854466197632
16,65,16_65,0.2141126163746687,0.25019355207554966,0.20020220876476208,-0.3592571115678213,-0.044674937285177005,0.09230975210940574,0.2777481095536667,0.10290229122848342,0.1906158296781131,0.14935770973691023,0.16616678668484097,-0.1345265373958825,-2.387636975184375,0.05958524599601315,0.03962325484619713,-0.07182990341450432,0.07144912561332104,-0.007060556758112986,-0.14368447079094968,0.04410342932205109,0.09348549594859137,0.08770670490619023,0.14152866732968272,-0.0691529464247116,-0.07808837250266544,0.26576604916572605,0.13477311577355744,-0.06088850921588239,-0.2105524034956105,-0.09997293295186953,0.20780376507444123,-0.09577501400324799,0.22812690298351476,-0.05074065974023303,0.5007116461273137,-0.11453016867231139,0.08442252883276738,-0.20504099514344523,-0.12712243400400278,0.29525919721274085,-0.7030651224708623,-0.030531649913766657,0.06809754609133176,0.1609336780133091,-0.007886850671139638,-0.08005011487651192,-0.056605533113493124,-0.22106932540077204,0.11976951135176361,-0.011746488908744034
16,66,16_66,0.1888701017957945,0.2452606028304077,0.21004340964763496,-0.3807620143553672,-0.0573049251602079,0.09526219215506736,0.23933642693341542,0.09878843301016903,0.20400737681267903,0.09683190157177309,0.15281256633834578,-0.17070526202860026,-2.361727989789767,0.09849131488157675,0.05155063728169084,-0.09303970349137672,0.020965433239829367,0.004196263582278521,-0.14138091129537386,0.06715942749347634,0.15490867228099653,0.058057451241191486,0.20506928140022912,-0.12365000140495025,-0.05461272477136495,0.3022087560534158,0.15304146650939798,-0.006120029111051013,-0.21216442813941588,-0.10466960999840058,0.2304403285919808,-0.1278348069360408,0.25403507784940305,-0.05467536455991929,0.5642308568605818,-0.15655309940473391,0.11192851827408258,-0.17418842184333466,-0.13972480266134088,0.2980603651322711,-0.6342365189288289,-0.07525225270088785,0.08870961541139807,0.1967976331963235,-0.0032059996914214047,-0.09435455111774783,-0.051211651276128416,-0.23092838300821872,0.13966893944172906,-0.03195731609176176
16,67,16_67,0.21445607544635148,0.25420663346543304,0.17434882703990512,-0.34939057570608223,-0.04306218928986174,0.14281552128000732,0.19167584001141436,0.09141332762083039,0.17371474191656008,0.14038610336206414,0.18714480261071859,-0.13189209571710842,-2.2107348000302034,0.06411076633735588,0.027705492036800613,-0.06268316685181001,0.09126767031677231,0.037115451771259196,-0.1451948472106939,0.014630739306149361,0.09613220178905656,0.09005795431739363,0.15104801596676493,-0.10366337086238406,-0.05614524854052647,0.3059239480754032,0.16899749184034163,-0.03775870374280631,-0.24102768635733382,-0.10797965112621621,0.22600580129210893,-0.15128433015608392,0.26836950135321413,-0.049733912165153445,0.5251055539202164,-0.18571289142538958,0.07390533508150839,-0.25680247657540295,-0.102387472126044,0.2450272734722924,-0.7195609397528803,-0.02198439619545859,0.041261977438047964,0.2379413650443038,-0.01819798236384111,-0.10735428284524995,-0.0671574498519904,-0.2427729868384845,0.12471189801889362,-0.014921287501997808
16,68,16_68,0.22478263797538897,0.2818929996762064,0.2044451897843711,-0.36106607360509974,-0.05564975264977904,0.09210166086653067,0.2593457906210284,0.12941218669368554,0.19629351158716504,0.13623688951014512,0.15727409508282078,-0.1636956283251845,-2.3986834053070316,0.08711283013464943,0.03304372585994462,-0.06721804860919234,0.04535208643083611,0.019562773370454388,-0.14578863203538686,0.05387106138495578,0.10057659921623135,0.10171686656314939,0.16726419282476268,-0.08467419763290954,-0.03827468211266903,0.26263712875304684,0.1642087352191729,-0.05086194592783408,-0.23192023719161478,-0.10884481638654947,0.21414145262190892,-0.11468568126175312,0.20906463637046757,-0.06208323495361143,0.4981941590506223,-0.11566518898452482,0.09693945254980316,-0.2189966920763254,-0.12142019585495994,0.27880942413523313,-0.6840056387076695,-0.033078813778176425,0.08596998783459346,0.17509026782288623,-0.006354612848841615,-0.11249383920503239,-0.06511434317611518,-0.24049941252977136,0.11408438648082196,-0.012883204666356887
16,69,16_69,0.23363469522944047,0.2595238199045185,0.1912384659233183,-0.3132534081272724,-0.026990886560804745,0.12349219198288922,0.28152613641111224,0.08532429135845306,0.2301428397115007,0.17381150740241447,0.1415246685127948,-0.14527885007044614,-2.3646221313312763,0.09849270755240253,0.05141951381104451,-0.022927330227440777,0.02277408741531851,-0.001554204413190996,-0.13463788858494002,0.03850960753145379,0.101426187646753,0.03608852962475405,0.13250746027004856,-0.07222743078904983,-0.07756203220702196,0.21559440588422177,0.12260853975321671,-0.06267144499241752,-0.19454061856692415,-0.10781546857897618,0.2272086657062955,-0.13462863240092424,0.2596548240816661,-0.05806721359818377,0.5166198775911605,-0.12578827805571854,0.10899663791846918,-0.251691531930261,-0.16631777297691194,0.2402840890701263,-0.7475362298654691,-0.02987901212821736,0.05512042520994335,0.1474686806136387,0.005790206390425904,-0.08708141033559014,-0.08348774701403099,-0.22829170230392168,0.10889139153216149,-0.007582699654282618
16,70,16_70,0.2248824036106566,0.2843990435820714,0.19509657863674018,-0.31586518895423765,-0.047197307258788866,0.11114808270979105,0.25048571457895175,0.0939358541202679,0.2031484475711048,0.12444771410911251,0.15882816675137604,-0.15041410540760994,-2.3602785293432262,0.08871013475528036,0.049345427434444304,-0.04556822531088718,0.045111548519440436,0.027932119685293032,-0.14781678273398058,0.08942504990047973,0.11058014434521758,0.06871031349970472,0.18014808316462186,-0.06910550099718908,-0.02314440699121514,0.2719813635023866,0.12192963850252725,-0.057652646712712106,-0.24640139242609507,-0.1133976076901713,0.2096345342918521,-0.14523907183108248,0.2252302509701706,-0.06369438395135425,0.5568576509638733,-0.1581908907769834,0.08287318844181664,-0.19113437345078746,-0.10156132118924466,0.24144954881738773,-0.6674925586245707,-0.08343465924794964,0.04764621914152383,0.15721202998218553,0.002250288835177753,-0.09467035621472686,-0.03338253761438147,-0.20701669168732567,0.1534915981900613,-0.0008352097264176469
16,71,16_71,0.2380046848354632,0.2730231918425693,0.20752137047761582,-0.3817943812193558,-0.06852011336760724,0.0653917379085881,0.2243980312331475,0.08471995699692537,0.19194098187730035,0.16877187551484807,0.14360600913424085,-0.13448080800680373,-2.1636754854477664,0.09454195574276152,0.047517188129139465,-0.09711341840777805,0.0909723382895155,0.01011452294094239,-0.15534545665103844,0.11047003409242566,0.12842105571703516,0.08417337997891208,0.15751054095985856,-0.08259256003906372,-0.021242194485609087,0.22019659612766085,0.15275775814518572,-0.03923636809225508,-0.2520279631715963,-0.03465787665968273,0.25252686140319225,-0.10061851164007331,0.26255413646595605,-0.04472910159673382,0.5385485711422834,-0.23788663300680604,0.08137663268720119,-0.16695018863942931,-0.15728008363366047,0.30497294831784433,-0.735974793227758,0.04616654339696394,0.07883784768932978,0.18076614152925227,-0.015795524254501026,-0.08075950553134596,-0.03400214396686079,-0.2898760913325882,0.1608263046435892,-0.026925210678750117
16,72,16_72,0.2378307597651092,0.25925044678743897,0.19516372400143983,-0.39052978074395955,-0.06975827991965156,0.11219004412965947,0.2084302621844568,0.09826801853984246,0.17904262365882248,0.1588166186842,0.17470658320711643,-0.13549401981031728,-2.3633761825094446,0.10255931654593728,0.051371471844041686,-0.04044065302597326,0.05951506941397511,0.026804475052478283,-0.1796638308425178,0.07305446150031877,0.1550890254346948,0.0209661273473645,0.16831987541732624,-0.11626516568303592,-0.011410994641074356,0.20513682200420888,0.17207066530133025,-0.06496241378219395,-0.22077185143471548,-0.09283587621723721,0.2423929222165035,-0.14071285382780513,0.2668573300528465,-0.03540598163762462,0.5882984159367257,-0.19284259790434824,0.08035660424264289,-0.15861069591925617,-0.10105459585517634,0.3098646884794995,-0.7398116946906635,-0.06098628455122159,0.05486320687882733,0.2149901503692953,0.009874095010151815,-0.10223902534824192,-0.043544958037193535,-0.23963936120108292,0.1739325791533372,0.005346458378024617
16,73,16_73,0.2664826768032271,0.2515332793886006,0.1735530029905571,-0.39435012542366327,-0.08837371423154823,0.10630313270872488,0.2377148878729933,0.12797279875203557,0.19696586352458306,0.16080513436207802,0.17395003239245532,-0.1566567682740432,-2.254287831894644,0.09013811231285057,0.04157641635706218,-0.09038970690888383,0.05488461040339054,0.03631121891833443,-0.17746684171700278,0.07971447057063195,0.1354744447921753,0.07002540060272952,0.15599411646495095,-0.06896136681597864,-0.02338961580780061,0.19506259663746908,0.17642218910991136,-0.07025406074935345,-0.23734342576782372,-0.07139605821998135,0.25847137544386006,-0.11398329098765217,0.2935081549183271,-0.049979486545563195,0.5735342824770199,-0.20546877697611657,0.10813440138903949,-0.20694706444807637,-0.15792012332723052,0.28898798102246864,-0.7703420923060769,-0.006056015930460909,0.06083313072871693,0.18364916711400908,0.0002402539510832547,-0.11171772130854571,-0.0927731513447425,-0.23374695952400912,0.16951017782788028,-0.022788977962541188
16,74,16_74,0.23084780255262588,0.2511085315449224,0.19679241162402178,-0.36198430742118876,-0.07724581080491905,0.08026835859298183,0.25229223771933834,0.1314455809374492,0.20504152054709743,0.17172706148129116,0.14658432170669577,-0.12103439253767088,-2.389039077400382,0.08994966877770483,0.05936358751747392,-0.05916969051350249,0.060509718457134924,-0.031528084184304854,-0.15341838863008697,0.06376115593566967,0.1451124606937097,0.07013012298833263,0.19561072431346463,-0.11665118616256936,-0.0428855213149469,0.2978747631636223,0.15426718403172096,-0.04416666489575375,-0.22099630509235355,-0.08875884701424808,0.2815065098305543,-0.10662080659348444,0.24414518139525956,-0.049662008574171586,0.5500005491072574,-0.17119933332625117,0.08957194245049084,-0.1666821114067597,-0.09039337905367313,0.2944911560606747,-0.7134757140054812,-0.03390254548696034,0.07356327498697651,0.20046921126587086,-0.0024615736736069904,-0.08706621694556602,-0.05291107641167793,-0.25776846157318417,0.16685322550691517,-0.026269522666005917
16,75,16_75,0.23797214603581965,0.27909390514235427,0.22052486680929137,-0.3799625577941685,-0.057903196610865376,0.1103421880328559,0.25253491853949744,0.12164513579961406,0.23028079469823926,0.2034196720053041,0.16132089991387696,-0.1443319446623128,-2.2437321132184653,0.08118796048204828,0.02758939213324523,-0.08864871112457076,0.026116290829755022,0.017867714095712695,-0.15781166404871183,0.08996567825496887,0.16980974734930432,0.06598924299615701,0.1384280092200104,-0.06802447582672147,-0.011878910612481468,0.3150691515611892,0.14156022637663102,-0.05839786334510658,-0.2305532716621725,-0.08932665945339134,0.21219877178768398,-0.1473262365685779,0.2776035729561322,-0.013027762371232572,0.5903956058700353,-0.21193501007988347,0.12735317916985575,-0.2001141488539758,-0.09272538423414854,0.3226445689550693,-0.713178368865062,-0.02981121289167578,0.05222344648116885,0.1424772563141413,-0.023341993235843024,-0.08764837746468329,-0.09381211948093791,-0.2569773752791252,0.1840017723518621,0.0258001717158658
16,76,16_76,0.24233892696679799,0.22238553760500698,0.232110736667868,-0.3517815138866472,-0.03843952430292734,0.13843087488241107,0.21327001132167778,0.09468417371038873,0.1957933040541391,0.034983324038179275,0.1051645581406396,-0.17859330949564042,-2.3334605232268184,0.12172509429601396,0.019263658046649843,-0.031514073398520616,0.06425079506483268,0.053437986453487116,-0.12868467389602917,0.02741447077231034,0.17976761984717488,0.048960116374013075,0.22300130411318816,-0.09758023793095505,-0.009445728242772256,0.2553259145420093,0.1475156481421625,-0.012590109691168968,-0.23786346926414348,-0.12600604992574566,0.24671359607260432,-0.14378383102284006,0.2294472443913533,-0.04993200913654087,0.5199806134083441,-0.20795417170179403,0.07030154301287143,-0.24700170449380363,-0.23536260376983723,0.28006379507699763,-0.6896814995191314,-0.02004506816715607,0.009697153794846812,0.258370790482414,-0.006681429182917073,-0.08639389598234133,0.033392886185184024,-0.2431295896054838,0.11298060984284218,0.05652596417575615
16,77,16_77,0.20537496110056297,0.2591813215887515,0.21272393622645505,-0.34611303547174266,-0.04789756186155628,0.1278801767561752,0.27073495480019605,0.11890573725579831,0.19172384920136504,0.14365167919530789,0.16830388227031684,-0.13349688062805054,-2.2491645413175436,0.07439498509801792,0.02576288658019621,-0.05637048555023207,0.04531117576524094,-0.017541797548609548,-0.14670146743252113,0.07585214331424729,0.1316142479436551,0.08451793158531819,0.18154833010975008,-0.03963115258949061,-0.05156702794377285,0.23624936406972857,0.11977581799720598,-0.04091812191780289,-0.2225868510445957,-0.07940296778409467,0.20774001131837688,-0.12159844774434762,0.2509427227663585,-0.030735037501075004,0.4525327357188077,-0.15923582092025906,0.07718505648384527,-0.21118892790851326,-0.15306397797015142,0.31306168779363513,-0.6659927740201197,-0.009699020774143053,0.07985322859669498,0.13314765426625405,-0.011134925663215436,-0.07573753132478295,-0.03822174993127217,-0.2063589742977802,0.138185213802425,-0.01059181685231521
16,78,16_78,0.21174678156363233,0.23756918246321873,0.192770161140597,-0.35983463545452876,-0.028966960699279915,0.1295337960194579,0.24035294301245572,0.12021195626694639,0.24139427896237597,0.11777716524224127,0.16199074424627535,-0.13870153202728,-2.335472384151423,0.11573447788766814,-0.006533431574561686,-0.08022355223030625,0.014318440390645334,0.03422658479737364,-0.1208741888491753,0.060369479764288046,0.17472799843229916,0.05446711269576313,0.1649348554201424,-0.07520585560090488,-0.04443836316931993,0.23356858893947782,0.15562905842890823,-0.026578257910309815,-0.2190985741414446,-0.09136979787759834,0.21383389935143432,-0.1578202022696441,0.27516229832896366,-0.03124703249656859,0.5271493266424481,-0.19670619180946028,0.1307338797443388,-0.2298984327353537,-0.19978487046154322,0.29531710048948573,-0.7316319265596147,-0.03077818487028433,0.04350681890176723,0.22138990078534368,0.001872395393702219,-0.03649890857335571,-0.04292012209881027,-0.22401857880418594,0.13220256125776292,-0.020163847221377887
16,79,16_79,0.23112833919003606,0.2749623380403853,0.22110226416385337,-0.36772939169454866,-0.05678591448987859,0.11103683294707233,0.27483358871981955,0.10953656499005968,0.24627358914056624,0.11312194068953184,0.1586490274040085,-0.17482992733350716,-2.3641199505690373,0.10660028352515039,0.06382069051632601,-0.06853467265450904,0.047847220750885426,0.012265951681360038,-0.09843201151648606,0.0739880205576562,0.17989692355816564,0.03439518586012789,0.20344723334490095,-0.08753725763381226,-0.04233019456053929,0.35153389157670917,0.14458582187988656,-0.05051531983454796,-0.20751205390446226,-0.08808325377476374,0.22973880759673193,-0.13918417655584175,0.27317483538310183,-0.04564605651830789,0.6291193923856498,-0.22778680172015095,0.12671014507632758,-0.12734453099300014,-0.09550429220226678,0.3028445085334225,-0.6489081708996585,-0.038395907574643694,0.05590771149118981,0.1782642543041606,0.03504472139122134,-0.08438565156856467,-0.04124680005550159,-0.25890194937572675,0.1498356501613285,0.043091667489727224
16,80,16_80,0.2412115170235007,0.2404804827195817,0.2146073055710515,-0.3568094785823005,-0.045814241746697446,0.0849581035123014,0.22687351105509904,0.09454473253853363,0.22811348812718843,0.06953561455814232,0.1606383412245938,-0.1506280602939459,-2.2372448800324367,0.0909191258801629,0.006105498230116892,-0.06593643194064498,0.01878358396091338,0.02537446567178543,-0.14136881254741857,0.0579060563215472,0.16407207133216334,0.10914326083935709,0.2155479483418809,-0.07829128726433705,-0.022514921559898007,0.28195203632389293,0.11754000160827077,0.001856448491714124,-0.2384896993773572,-0.105501822658397,0.2319621669449683,-0.13955650408270545,0.2678161241692202,-0.08321533205854739,0.5051262668237604,-0.1901477464916313,0.10298370588249688,-0.22564119530263646,-0.21035806118863923,0.2577391111002914,-0.6541939387386986,-0.008642886177604569,0.03868934051153764,0.19025188377448196,-0.01377357480533678,-0.08252821910869458,-0.018958297693010034,-0.22253873505597485,0.15844634014506953,-0.0034113326527435203
16,81,16_81,0.2310654383187424,0.24516577764790362,0.21129025971570697,-0.37148657122564216,-0.03589244141487423,0.06784256692872777,0.2849478533831783,0.09690800411660278,0.18498509142554773,0.12486916405368202,0.1806769074314616,-0.13279434338619467,-2.3572915263760548,0.03130419773403376,0.08662948092723337,-0.08113752647141854,0.08758833869601054,-0.027504885004488572,-0.08690973884899204,0.03681829093875422,0.10542194458853024,0.10203052332956129,0.2633014716199026,-0.1273525628796331,-0.07671663860338203,0.3791218003159604,0.13733813140984588,-0.019276423954579514,-0.2610676952619822,-0.10960177914687218,0.22674970347809273,-0.13180837316814667,0.272555987233108,-0.1018972510293959,0.5287582842546936,-0.12359430544557444,0.08674376909150922,-0.15253317577256753,-0.14360927591154066,0.264845089494394,-0.5643328642830826,-0.021387472408465467,0.09405589885262508,0.21552024459651875,0.028217396976497885,-0.10715017603909543,0.013993611450132448,-0.2512174166353921,0.14109261290958294,-0.016550406218742025
16,82,16_82,0.21218610076168223,0.24746571279753318,0.1989528999480199,-0.32972551389578636,-0.07511771762341111,0.10039567129145933,0.29270219238739387,0.119218743341886,0.2097626748593084,0.17318738522897265,0.17988882010016385,-0.12740517125860437,-2.3594001888030736,0.032339193592615535,0.026158256027157226,-0.058538083838247434,0.06165150894394996,-0.021031204021527625,-0.13416231057273773,0.06638705888154668,0.09387817878940671,0.100590229817156,0.2142886373041263,-0.0877276965143187,-0.05298641803218099,0.3966213974571698,0.15552582399423548,-0.037908479602164744,-0.2406021140085243,-0.1002523435991089,0.1891449940503205,-0.12037026134188564,0.283936236350301,-0.06810322489084011,0.5446801290212049,-0.1244389112418969,0.07709301902149715,-0.1771586630091945,-0.08598674724688218,0.2715490033779727,-0.5738113632837507,-0.03190784851655402,0.07484451887990762,0.1903955491154979,0.018176640989668386,-0.1346275850536124,-0.02293202023743769,-0.2549301479292575,0.15295963859812697,-0.0027079704959394792
16,83,16_83,0.2171865935229986,0.21205362182946866,0.20404409290407458,-0.3833834421526028,-0.062089466366384384,0.06858192037149262,0.23727590613672378,0.0829007851389688,0.17818540387830295,0.12893415465285735,0.18162173437507673,-0.09371157971066318,-2.223340680452288,0.05148207384537637,0.0034190264743011243,-0.047758145187394456,0.07810019393805649,0.020915574514280912,-0.14892931959946595,0.09126745814516476,0.10989981577359922,0.0970223227831149,0.286701931845115,-0.10928142104602448,-0.044064347626033555,0.3321930005367394,0.14677080649870164,-0.03025227657135143,-0.23023793914766869,-0.0985710420875975,0.2532295380521393,-0.09947845758927311,0.31462469060122,-0.09548133256808002,0.5915355342766401,-0.1731597194045388,0.07612798630627764,-0.1998147136502911,-0.13828140908183076,0.3149807142845097,-0.5984616608225873,-0.01004460118893607,0.05773554474907126,0.1993241464487324,-0.0165631502535987,-0.12732662003049078,-0.0017571068225044977,-0.3030290457091349,0.19685981326726074,0.016900964697817794
16,84,16_84,0.20563228643710507,0.25000211964387337,0.18763943594516008,-0.39918687458381186,-0.052239466155619536,0.08366478891691823,0.22439227078792026,0.10880626754787211,0.1893427020830767,0.165239646469094,0.18855225931001363,-0.12572924724908124,-2.169717136479665,0.06612231647145682,0.027630685501451497,-0.05899501332344979,0.12826096010654056,-0.010064729907888885,-0.13660776813416725,0.08927041714856068,0.15695675701081674,0.12308753888240884,0.23798340204869461,-0.07361027285228154,-0.05153991343353124,0.38525035445574934,0.14160508553577122,-0.02067373048939974,-0.23079004843085726,-0.09482908049329153,0.23845340677651275,-0.09098096572331821,0.34327526362162764,-0.03757572903593857,0.5992203048087629,-0.22709598085024224,0.10666227781778154,-0.20385348116182705,-0.11844675187592751,0.31243680733114093,-0.6204533704857733,-0.02282592839627184,0.053407646075789524,0.2419551847886457,0.011748380665750664,-0.13428882080464377,-0.031623199478667714,-0.2963924083000111,0.19525875049802477,-0.009976201403914642
16,85,16_85,0.20312469050893453,0.24456736470468224,0.22277189652369947,-0.4106934700178268,-0.06991657950474243,0.05443372495118923,0.15409918627925473,0.09557142917119292,0.1924664433350591,0.11908169457589295,0.2796215760069782,-0.1670331342837899,-2.0751254906711645,0.06438063925120967,0.07186370443747735,-0.07698542863030404,0.045682911758307895,0.031251997473805256,-0.11500288208684885,0.057897110788249655,0.15039487440699553,0.11650324606861988,0.30132413864480995,-0.1159805427491878,-0.0032678454551202177,0.32729668501397974,0.16038675416789488,-0.013015948106253464,-0.30474950063992845,-0.12346858307816465,0.25919536861630466,-0.12092920535484088,0.3621093769358243,-0.09317715821741895,0.6510189270123293,-0.2032764746938849,0.10252539059030025,-0.21953088036725416,-0.16746615167078244,0.3091151878779575,-0.6032909132687809,-0.07669497338748053,0.08160587752047975,0.1980735740733058,-0.020949276459008535,-0.11747272586656704,-0.05242773796164258,-0.2555331025675932,0.2634103129644443,-0.059302854440675824
16,86,16_86,0.26083400565358794,0.2820492538794214,0.2424342115713679,-0.4167331828800687,-0.10706662270778831,0.03614933415991767,0.18510921936158883,0.08250307255073051,0.17588738939760337,0.13079473528096577,0.3099766192686852,-0.16977279748310095,-2.17571786875243,0.05415696828855911,0.08385562762321598,-0.034808161664815075,0.08035765314116408,0.007997519878937183,-0.18406336849441973,0.03395053509457237,0.15253440338188276,0.1562413134073496,0.3142720246184473,-0.0787757662859615,-0.012700034212260724,0.35650177595031884,0.14569014618607537,-0.036054377790424044,-0.26607491560578145,-0.15258079206633865,0.20973826561441616,-0.06789396092391553,0.370616677234497,-0.09164283260916616,0.5844144876821961,-0.14670695646827644,0.08591190073068011,-0.22257168404044705,-0.19262469791962328,0.27750806695337704,-0.5523452502665703,-0.12069005123698491,0.10329758806812814,0.16728885844488595,-0.027845901629309666,-0.15640128232681053,-0.051716880929232434,-0.22831735883434087,0.2812900384641424,-0.05349074119787634
16,87,16_87,0.24741950326052267,0.27364476178318153,0.22589577214201748,-0.39592111108557876,-0.094938629168811,0.05155517771160148,0.22938100253623947,0.08222856407932698,0.15408635434286083,0.14817053315799672,0.27874444244981006,-0.1416816030431171,-2.3177364827206564,0.045368526429517886,0.08038585316173709,-0.025340302230944498,0.07900852723961649,-0.010395146552979734,-0.2002665485530278,0.002014133586939402,0.13978187263968192,0.14062257024549057,0.28504277382897175,-0.08266550946404101,-0.022422279982906614,0.3223359398396039,0.1567955980060295,-0.042437757150716654,-0.23382723956511337,-0.13475746943152825,0.20918781986187193,-0.060919839646314214,0.33915690080177596,-0.07372422815857686,0.5629397933304121,-0.09908952398526019,0.06489947113985381,-0.20542393000958067,-0.1762111850943241,0.28507655202064525,-0.6037764999954978,-0.10796842612460632,0.11842553294358342,0.16440144866266737,-0.023119089331281192,-0.15434119267260626,-0.06265890503413729,-0.20039706973539145,0.23221445642902025,-0.05421373149658588
16,88,16_88,0.2405356221605314,0.26558072581277686,0.209325783917501,-0.35451224591268404,-0.08495888998994519,0.06083433053555904,0.19917945611163718,0.0738694887177486,0.1410585050553802,0.09855404857873663,0.23722952609600664,-0.14239332843888078,-2.311710887586773,0.04915042420044352,0.06352358776472702,-0.012818854039618943,0.06150288823979166,0.015996653962685528,-0.16793040424382452,-0.00011554361071219514,0.15790767346074422,0.12718730411807794,0.26925447530003055,-0.08837857620753509,-0.01800486780519004,0.27736084834599223,0.16166340582467786,-0.0376453050081817,-0.20540084069681439,-0.13992062664173827,0.23134360147966115,-0.09124814721900029,0.31482120950323317,-0.07786975203384958,0.5239830000916829,-0.08751758234217877,0.07513305807150784,-0.24858267553163613,-0.20649888024570395,0.24861622350348514,-0.6205177807312587,-0.09730357371059277,0.1031324353920731,0.17052209061763635,-0.0015549588021858025,-0.14645626139022666,-0.048654208996951234,-0.18599190395647183,0.1929441380893589,-0.05070783537847165
16,89,16_89,0.224436432275181,0.2826953067015097,0.19289642062803095,-0.3327571541584771,-0.08573301205156826,0.05646084129338103,0.26408265945633,0.07775735074330704,0.1689377237442694,0.16132398234231146,0.22136582556532092,-0.12127650521701452,-2.3100411052053627,0.04954104058241594,0.05019316220861817,-0.011394919432443494,0.0838551080660153,-0.017494460852666347,-0.17951665821209328,0.022614031371026997,0.10853545882974147,0.11699034280400869,0.19771618471841465,-0.06603030037579381,-0.042002676338483626,0.314374187977278,0.12553722728434277,-0.03915759437633288,-0.20343652236579005,-0.11723777646757498,0.19647743952266075,-0.06862394442443508,0.2903046483848372,-0.07998108707673462,0.5453333030148266,-0.11578954723269495,0.05944794529978168,-0.20101827134627873,-0.12817673166901045,0.257453954474983,-0.63240536936007,-0.07742566281415414,0.10879810945660776,0.1590720064123161,-0.01260734143372053,-0.12316537578825143,-0.07973315905404443,-0.1844010195723101,0.17218323221352086,-0.04576708933850896
16,90,16_90,0.24331390403087907,0.2571440340791637,0.19530639225383314,-0.35413046777683244,-0.06270772662622572,0.07008486691181066,0.2317984302125958,0.09258959206285006,0.18595287186620896,0.15156483700850448,0.22603085817649585,-0.14257634514381073,-2.2795341671208926,0.08302092017976889,0.04234368531468256,-0.03554169994501256,0.07571607822081679,0.026993080270603473,-0.17557425563883197,0.028144245825486858,0.16282332450303644,0.08767644796658176,0.20299856597738855,-0.05148009607814803,-0.031353797892458256,0.2709232065527689,0.13663319912311034,-0.028409719495247718,-0.23357123379044756,-0.11036487138066405,0.2173372124274649,-0.08931351984861934,0.2770872158642744,-0.08369776771715498,0.5439401621955668,-0.15326508703996727,0.07516944086802435,-0.21168482584012707,-0.15624398019722868,0.3006677521827109,-0.6873393955383204,-0.05763390000002705,0.07387435329142153,0.18916579678028203,-0.009423611864106955,-0.12860828220408504,-0.07592867415286021,-0.20450523555104835,0.17220600695188015,-0.023365069308919753
16,91,16_91,0.21937483403271313,0.2612293939513368,0.17958631588184393,-0.3597567274358156,-0.07398767967091559,0.06973391457826697,0.24299992202454573,0.09519718534784852,0.17553232505905453,0.1583732565294435,0.18159292026226875,-0.13955098547374536,-2.3108732271697616,0.050733801865103824,0.03218347833489846,-0.03438664243649288,0.06441878243873614,-0.003134747692968422,-0.18454543775798213,0.015646387093944385,0.1435341899609798,0.11136983173876171,0.18765049627115266,-0.03999448607593081,-0.03797817690644687,0.2562175243140452,0.17066535819403764,-0.040026452004288636,-0.18753880497939518,-0.11279976812848475,0.22959681200019152,-0.07252848469672395,0.29721132678320444,-0.05833942199113791,0.5277116475425241,-0.1287686758839981,0.0634258034243702,-0.19508668608475654,-0.16792759788363562,0.2827360172518146,-0.6903628581425264,-0.053727860571574665,0.08441653758140273,0.1790690933610212,-0.027290540431864012,-0.1189934325770342,-0.06496728687180263,-0.22175369130092717,0.17101197063648726,-0.029865098302504573
16,92,16_92,0.2407060083166203,0.27588209521080204,0.20710016816635343,-0.3796921592278808,-0.05180955774278617,0.05576885850305724,0.23376184828218766,0.09101880604592974,0.2064659318698949,0.15409067930441406,0.18126346436568866,-0.16646108243057467,-2.206504438963591,0.07177916849328789,0.05224840151558073,-0.06553692325422376,0.07667420391294667,0.014378899421688972,-0.16145097794097976,0.06757567274411592,0.1914531939886693,0.11730103099298682,0.20946499992746348,-0.06317961479071528,-0.048476498125705356,0.31279722488503536,0.13075094911562024,-0.014194387236299615,-0.22902707342587997,-0.07608799264474096,0.2238626338231067,-0.11492490336965477,0.2901899061804893,-0.051910102245963964,0.5541507286622244,-0.1841599758887919,0.1004255236564752,-0.2028696959692752,-0.1437457969905261,0.2929368475178147,-0.658160466882035,-0.046539229001649016,0.07305696161997997,0.2055192598516085,-0.016147108977733582,-0.09764815790250021,-0.0505381766766705,-0.25948999956268454,0.18510026830412885,-0.016352635471825944
16,93,16_93,0.24326317102296796,0.2431106890898616,0.21945987079275905,-0.3544869696369813,-0.020563403549358615,0.06972050748115434,0.2557441829656232,0.06718538349387822,0.18315543267886997,0.10106286847628146,0.178461115228386,-0.13178483493345772,-2.2144683962371072,0.07324046049038183,0.06628644439474153,-0.04396668716957856,0.04314563618925381,0.024355697782146333,-0.16706445593494593,0.05154510274597564,0.15301791495377465,0.08975083289626783,0.1799097367796768,-0.052988837958554275,-0.043611772601543385,0.24202430920618379,0.10634256326545942,-0.03297287569029675,-0.2145849046262526,-0.06535119884681087,0.24743743852053318,-0.1125676432011893,0.2662446214524446,-0.09279300441187775,0.5172050878735018,-0.15825046158948483,0.08639975359384604,-0.21491972915194676,-0.20082862628980216,0.2698642228742694,-0.6953428687508373,-0.05758636525387046,0.08703570668045099,0.1428880579558262,-0.04275121080307417,-0.1104141639008624,-0.10184334939643487,-0.20660899411039554,0.1827143156347831,-0.027306487921438874
16,94,16_94,0.2037505339255038,0.26600432905522126,0.19057444987348138,-0.33444365848470287,-0.028052235024700063,0.051677663452904095,0.2249910117321427,0.06656467799366135,0.20918026671624268,0.08775930143844758,0.15654454337788226,-0.17032519152409578,-2.207448386347171,0.06281035711398329,0.016575815841392373,-0.06736788359535474,0.03661242069510896,0.029515134186103468,-0.17376914340762672,0.04648269818298826,0.15292972472217894,0.0808297563464256,0.20820540894835843,-0.059750313950119274,-0.04353256396572441,0.3028559086114629,0.14397831686103918,0.009718718243337995,-0.20549198144119107,-0.10128978541548143,0.23521253345390186,-0.11227884036386818,0.26250019235923205,-0.05641831992705324,0.5142050691251403,-0.15195041892542407,0.10397124124664486,-0.2506560687594999,-0.17564373479834422,0.2887704980838084,-0.6470915138428628,-0.0512389928617361,0.0573800639565551,0.17491169033461662,-0.05184337036616947,-0.09031067758716989,-0.0820780061383386,-0.2351844090927565,0.17115910709643564,-0.03370448803473936
16,95,16_95,0.20410441925122885,0.25548560625707456,0.1744496313678624,-0.3878020132321489,-0.08482806508697663,0.1008387980224608,0.17888544884405655,0.0829422362193884,0.1672509168631166,0.13093947287822186,0.1517599872784967,-0.12294814186242893,-2.2094302622153776,0.04690542952606523,0.0015458592085430378,-0.0844858408568954,0.09542314650702052,0.025601214432796508,-0.1481588620773796,0.03809956240543533,0.15438842317071388,0.08236107248325594,0.16471803664182882,-0.061766810300976555,-0.042615990035322515,0.23111674304358487,0.1715752966223689,-0.023887107794465453,-0.20404857433267487,-0.09303223120694792,0.22620744809468615,-0.09878538555353736,0.2656635346591415,-0.056886623240488425,0.5130236794587312,-0.18720810267410526,0.08760110568367992,-0.21766407702947504,-0.14196760902432148,0.27835933090180387,-0.699773381128474,-0.034303800741101384,0.04461441033841526,0.2140253198413402,-0.03112480710729841,-0.10218721973351491,-0.058837678129952845,-0.24306182598387424,0.16994857725546544,-0.034823012321216394
16,96,16_96,0.14308159629477554,0.2312136950635509,0.1623310971279222,-0.39627906690605286,-0.07773233067148665,0.034884967970096374,0.13186936260509746,0.07459681735781487,0.156363600817193,0.093068413158887,0.18457932950072323,-0.12140338675245792,-1.9942982731653112,0.06525675036079649,0.039661929364228854,-0.09327530924097768,0.09404183658339857,0.019083941584800153,-0.10419702468373414,0.059630940494701336,0.16862936370986453,0.08893734244338702,0.2043775154301589,-0.08285176438429127,-0.04140493279347928,0.3088320897576133,0.17957852002070598,0.03811523906188086,-0.22436690503257392,-0.0964845594826329,0.24870853782184504,-0.09078134570622101,0.30561870032085736,-0.07280141386088092,0.46718089883090996,-0.19275104328854858,0.0946061508337672,-0.21346619734971942,-0.14272985043429084,0.3345268125101159,-0.6367294986723989,-0.04342271274695771,0.03307234921196921,0.20719868266730504,-0.039244598754001866,-0.10061679519120455,-0.06023274690025054,-0.2635023495217216,0.20423676820688083,-0.06929402806687993
16,97,16_97,0.2056217564360761,0.23786251111035575,0.2021451946613968,-0.37850009649878413,-0.059100543965320045,0.06351912722144866,0.2003934537795963,0.08051937043419458,0.17020753590594523,0.11547880613063348,0.14569932158479876,-0.13705152702381515,-2.2778950481880003,0.057190325549553805,-0.0002225073849464335,-0.04304540220012025,0.028548284965317423,-0.002282690864749162,-0.16564608461439337,0.04112599334486465,0.1286433717465914,0.08574201051463805,0.19076835015311655,-0.054571209069648074,-0.037453365739344095,0.27661096977933153,0.14935328442966792,-0.005553762025551916,-0.2135836537947265,-0.11510478326150717,0.23438273783142838,-0.09603947859169439,0.2520293111072444,-0.10501940580192817,0.49905886944928546,-0.13168404217718577,0.09186056432762842,-0.20412829286850442,-0.16024352263477518,0.2721271956924394,-0.6535159968952762,-0.024731834065850552,0.02990358540825205,0.18295564322090685,-0.010658162307255425,-0.11026352721652606,-0.03605298021802588,-0.22277778717746005,0.19189513930823746,-0.043131810948593405
16,98,16_98,0.2147799390945247,0.24399199285864026,0.1684812905812435,-0.3498382583379234,-0.04546033708403211,0.08109073912012665,0.19647993835593192,0.08269138984463757,0.2140019411284205,0.14421892080802126,0.180133594096511,-0.14940242597824147,-2.205919105851767,0.062343577096494386,0.04263190357297015,-0.06238606803337604,0.08576143036514301,0.013790877589581571,-0.11683404212132753,0.06928857734572946,0.11333308332398825,0.08050941616523892,0.19923913219085365,-0.1015094728540063,-0.054429543044819846,0.25399315942480577,0.15150000551697232,-0.008786011287174558,-0.25134448106765894,-0.09719061284319169,0.2375723364130667,-0.1209280435583673,0.26460973573971297,-0.10025431262857085,0.5115083710600933,-0.1709182919568026,0.06164545693101507,-0.21339352740267037,-0.1361017159383753,0.24715645266890837,-0.6343048239005821,-0.019412567486463504,0.020167809737590598,0.19958520735849114,-0.013745330019589221,-0.10232281114440411,-0.01656415778458776,-0.24763298696694513,0.14486057452820972,-0.013730874057264551
16,99,16_99,0.19723462250600413,0.18467461902787663,0.1916522522761651,-0.3110445338236242,-0.021361615560168037,0.033897103272724924,0.22654474153646298,0.06427025673407226,0.2330826589214741,0.13428701996240558,0.19494163772855494,-0.13290665615824576,-2.1788624719099823,0.03019541671680376,0.05779266713563682,-0.04279947608689677,0.07293739129301857,0.006885600037010274,-0.06908130146579025,0.09242330413622878,0.07968834623673533,0.08940544766565142,0.2801362687112434,-0.13546249893215045,-0.05623747933318711,0.3138541029633353,0.11575343029046466,-0.037334424402882066,-0.25204402879874177,-0.12728207177094905,0.24351023068580294,-0.13833809265618688,0.3001603216316149,-0.11990257571007513,0.544206134951612,-0.1624109229843297,0.05546160209874836,-0.20604415576156912,-0.16279967348668772,0.26206329784179133,-0.5955753967234751,-0.03543100071636933,0.002772207463271965,0.1645874683782065,-0.019054614651443234,-0.1362010788978483,0.023449353186180508,-0.274302469718626,0.1642454546594582,0.023394823929486615
16,100,16_100,0.22713345604126606,0.21080706453645734,0.2279521958050203,-0.3629633150391143,-0.03594932868594539,0.06491236765182687,0.3087587862169186,0.09046622641750375,0.2130838494538042,0.10135102918713618,0.1712645395676157,-0.1335684138782794,-2.373172694719454,0.056840950360142244,0.030607007285809996,-0.047405866953295676,0.058819941794219496,-0.03419897165826743,-0.12052247355340687,0.07153508652886052,0.10890037729741717,0.07921610887444083,0.2857070987531053,-0.12558747745105742,-0.08282797360224334,0.2988711338275382,0.10605825636953398,-0.045134088034961835,-0.2397203997465966,-0.11659394045946775,0.21868848748402533,-0.12392938508173194,0.26551340297540005,-0.11115732257180584,0.5443599163834868,-0.15164692535418672,0.07091529894584968,-0.2008965844274096,-0.1708072255197395,0.2730886019918317,-0.5995756039240708,-0.01906237522798395,0.056567602049912194,0.1654621154514722,-0.001563848351469022,-0.12360367228357512,0.02166565872813621,-0.2638678371167546,0.13825458391421522,0.011408784780665704
16,101,16_101,0.16978184723183917,0.23869870786919542,0.17562862494403658,-0.33981123505534766,-0.03957274289518271,0.04418846168099781,0.25642098699311683,0.07384214810318435,0.19375015926957334,0.11395805023266407,0.1536613142456981,-0.1472194339366346,-2.265872286972792,0.05815394463462998,0.028265585926387955,-0.06151545250196131,0.05939216435654089,0.0002899047435873755,-0.11036967221323563,0.08982352006328849,0.16466075689936785,0.0646111321046508,0.21877307869574947,-0.12700969915907911,-0.0676774785519861,0.31811666135807803,0.13859284059954402,-0.030439135859943116,-0.24816806109865075,-0.11205907745205206,0.22795515699595537,-0.12637710952928857,0.2808484463491882,-0.07863466818968806,0.526998637875785,-0.15359198208543998,0.10934806770655205,-0.1866274673876393,-0.11204633265328796,0.2835148891838996,-0.6002682805820571,-0.010540125093362092,0.05730096040490974,0.16988017520887536,-0.02848907761660445,-0.10543853745228894,0.00620239303502983,-0.28882684361027633,0.14649602700595532,-0.013391514440239838
16,102,16_102,0.1867309887030321,0.2268188143739613,0.1897388487259244,-0.33449324992394486,-0.021770305264309595,0.07122716673439732,0.23996769755153433,0.10551374041725223,0.229556182352826,0.12203245073352463,0.16506253371849974,-0.12637334873774883,-2.193914338001391,0.08224700006355372,0.06888767623899096,-0.06788059993726542,0.061644784129429156,0.01775097348556922,-0.11164924485904233,0.08424011013220722,0.11596953213532887,0.08059690232593111,0.1902274348750347,-0.11323759178063128,-0.07636974228364302,0.2997824167861126,0.12053666837717883,-0.028293287965310054,-0.21968608394651332,-0.1123436104233672,0.23485281355792612,-0.13822041784027,0.2700986671944365,-0.06889089972871106,0.5556660723304603,-0.19193400779977532,0.1127635431930241,-0.21595902851578302,-0.16440626011817808,0.28985199257277133,-0.6911309943491842,-0.03536146454819728,0.034624495552483626,0.20150316787497483,-0.04394723888850067,-0.09171526752037519,-0.058114098486129945,-0.264012669133897,0.13923927132244698,-0.03347457876179095
16,103,16_103,0.1991804399775962,0.23442304524696536,0.18617936252512865,-0.33994514249265195,-0.061148504186421634,0.07815137045044038,0.21308121086926096,0.09246480291916265,0.20174979069373675,0.11091331471947746,0.1760027975630429,-0.1575812200208505,-2.261809360616737,0.08510941581102088,0.027619692756302862,-0.06811594836983002,0.03061064427252859,0.06699285280295751,-0.12095101368872242,0.06105866615388853,0.18830453838997832,0.060871957427977276,0.2174948878896733,-0.09078124834328062,-8.277800645575755e-05,0.26426990796449695,0.162425530361086,0.009066246353710691,-0.20956976636726823,-0.1256409403950804,0.22421973685423532,-0.14061354560906894,0.2992038630725195,-0.07675436093006283,0.5104215339053836,-0.15136703599787626,0.12592441010392375,-0.2395334573959311,-0.19797991533246306,0.30166806682245806,-0.7021369084591667,-0.06523602965391344,0.014588983045994408,0.22081058052989344,-0.027242413837229834,-0.1212042487381647,-0.05546337294288808,-0.23294222943588264,0.15542334832690863,-0.029644670486450194
16,104,16_104,0.21102982082049407,0.2515871091080563,0.2066033677704343,-0.3898318144880856,-0.07353757766568811,0.10092581598672994,0.2627587358167927,0.1198033565611002,0.20327404058826642,0.13704414029676368,0.14422031450071482,-0.12132475351765086,-2.311388118946481,0.05465189602780031,0.04578537313639009,-0.05569126312738739,0.0659729253726428,-0.0017770787708286662,-0.14044074601856882,0.0499919062754738,0.14100921201177352,0.06198452490241921,0.1704142301321207,-0.08268158181315466,-0.057559725046823065,0.2800579402440538,0.13430917865064526,-0.026775593190298725,-0.2341684741643673,-0.12068559510988139,0.177440472633212,-0.12494675173227388,0.25996187212738386,-0.04825518965870807,0.5590475743880406,-0.18694008256231123,0.10451121775120209,-0.1770923657614254,-0.12271858724610259,0.2752437119398521,-0.7245216936183473,-0.04556126594876072,0.08054122395783668,0.2170093485564437,-0.04062131098111249,-0.08769853427379747,-0.04169601419052275,-0.23931301710503508,0.15268304487454726,-0.01642154117888865
16,105,16_105,0.21830985447103007,0.22868006535990035,0.19259229017251026,-0.3397347021593966,-0.05135659826110132,0.07194811387770725,0.19824135310469784,0.08241948812582435,0.21026222653472845,0.1369018988225629,0.17974307283729235,-0.13807576389505186,-2.147880508778567,0.0792619218641424,0.04289220125236384,-0.06757012972973019,0.029233900583623088,0.012047345473625284,-0.13319706579496465,0.08875690989525002,0.13871754083581975,0.06705940038620689,0.18075015001499498,-0.11988471491625881,-0.014268910351867992,0.23267737632109362,0.12725786015361468,-0.012694881936375869,-0.2505269639348402,-0.08343870312263094,0.2740365695088472,-0.12310840821430276,0.26046090464501137,-0.07548308943275034,0.5479480100236584,-0.1938147741901554,0.09614921466044006,-0.19311426426557934,-0.1455086352674659,0.32358122172760456,-0.6902968189296222,-0.01862673085297453,0.059294120245021745,0.15700970829170655,-0.03985584520281636,-0.07644771195557168,-0.08495220130453893,-0.24095174068096967,0.20566660784064159,-0.033900994522357605
16,106,16_106,0.23289972259258124,0.24854463442613411,0.22689371688149707,-0.3313022070733891,-0.06370058187040621,0.11619651720692396,0.2343298805239813,0.10184793080992202,0.21674268842047162,0.15380056921212995,0.16019913860920654,-0.1823209074313443,-2.3451197449441836,0.10386274330781105,0.05151761788447797,-0.06549132284050321,0.03515064167415561,-0.0027165568178094436,-0.1537864203140919,0.05208551903532403,0.16008332809154957,0.06083634468149799,0.20558575032602833,-0.09253598790636043,-0.04805139398946346,0.31459672853563225,0.12502844822238726,-0.02082853720513294,-0.23342300907983293,-0.09143808490024759,0.2585726734573457,-0.13554880711624562,0.25695230514848727,-0.07705556962806125,0.5459632476508294,-0.13692710783747633,0.10302903555566445,-0.20962055451198705,-0.13691055448219666,0.28655765671219735,-0.6427033180269696,-0.043814610718982294,0.06396117698908632,0.17499909971071326,-0.004725881682648121,-0.10229221897695781,-0.04476093646332194,-0.2488692189065699,0.16923615533414704,-0.025398674634862287
16,107,16_107,0.19175860609458242,0.22418545024723885,0.1648443271820994,-0.33881800201790474,-0.018409953468815528,0.055108750247637985,0.251515097342673,0.12426542435153991,0.2029436665524608,0.1383440012405454,0.16169215543589047,-0.14584810693674996,-2.2492991247110896,0.06148504790056635,0.054092863042131754,-0.049721780266096444,0.0712186522459551,-0.010893286099383625,-0.15607671059620365,0.06880184756570358,0.1400011175646796,0.09053409561197946,0.18904139905633335,-0.0817355243518789,-0.06865169598798578,0.2513153165701725,0.14551295947792284,-0.027194615235202946,-0.2063467823770932,-0.08477412026399246,0.2375306834216678,-0.10779725265240779,0.2532573151423734,-0.05305697894288675,0.529113809252589,-0.16236820909155844,0.08735428049813318,-0.1887735144633485,-0.11884581060547605,0.285790775557635,-0.6919955029669735,-0.03379132512229801,0.04944611249232333,0.20695156998165962,0.031131018078196102,-0.10013548670233124,-0.04149298692111727,-0.218926016711285,0.14612884089809894,-0.015087698808336561
16,108,16_108,0.1905315865118627,0.2401098439733957,0.19311895372393947,-0.3579447649031628,-0.07556300430277889,0.08423372080859295,0.23092914720870217,0.10547593195419135,0.19140088434429153,0.12038398931097043,0.15591475768315574,-0.13849039071737498,-2.328554936145481,0.06976092681533803,0.05999548849538325,-0.06318773206437016,0.04151534778845795,-0.009994861541168862,-0.15675821149175592,0.06277931296170809,0.14187348010040748,0.06307023061934021,0.180304394571476,-0.11073320532417032,-0.02328359620627818,0.26665203069485993,0.13413114390897443,-0.04030957018553266,-0.20412048831154284,-0.12273518450190002,0.2099774612234148,-0.11864046466483347,0.2443782660454839,-0.07778943942594632,0.5497015166189967,-0.16722069702748404,0.09299362477017611,-0.17758829941088555,-0.123977561379921,0.28094832696974203,-0.7068093718345941,-0.057441163801423244,0.05655217898171841,0.20196082940242704,-0.015220215537977455,-0.10307267872153215,-0.04524868320947754,-0.2420272477112909,0.1356820989133897,-0.03651707725929159
16,109,16_109,0.2353734738830673,0.2701847841816121,0.21383086025690365,-0.37386662989462677,-0.06472253463488366,0.1296418999689386,0.22139309531960047,0.11226021597578534,0.2232172120950724,0.11514716042821467,0.1492314063956177,-0.17041132869750358,-2.3175349473953246,0.07052676696161814,0.03237904434913377,-0.060651967887487876,0.019204413024463542,0.039855153471427526,-0.12358721491978748,0.0441320140012785,0.18484565876914483,0.0803740563872883,0.1853805966846841,-0.060672857205530534,-0.016716743715867205,0.23483016966400963,0.15453100719023496,-0.047813643667062644,-0.23204418654970235,-0.12802929417536546,0.22506257899007515,-0.1632148973055576,0.24786116308655198,-0.0685772627325557,0.5330039603390584,-0.1813323074449344,0.10517873674091932,-0.21664150692032355,-0.17369043665791029,0.2644467489743348,-0.6970555917960346,-0.03458002518715435,0.03857309944149548,0.19509434598056893,-0.02849171933025661,-0.09661238932565443,-0.03810887994783881,-0.21358932518204185,0.12885843243903333,0.007254393861206298
16,110,16_110,0.23085167261262676,0.245943480040704,0.17416678317909556,-0.4011804240224796,-0.05761973627856019,0.11031162958901167,0.2055720168265958,0.1333489235910526,0.17930194236137947,0.10187383536298358,0.1666358017752156,-0.1286636503200073,-2.2597717130295583,0.08807041068348129,-0.02565289324418224,-0.07011639921181774,0.06302039696515112,0.028715129601159874,-0.14048646389785283,0.04343987437765871,0.16624906013293245,0.1190003466217944,0.17960578941513794,-0.07057074851260703,-0.03679997855623331,0.27812947618348577,0.1675727471435077,-0.051426594648793095,-0.21258405845277187,-0.09733838573433828,0.2008845096839718,-0.13090523219858863,0.29018186980604943,-0.030616323205764257,0.5336652454467508,-0.18270147874490053,0.11232801947090448,-0.25174847292489694,-0.16717831383102408,0.27647393015779065,-0.7358135583497166,-0.023013182589621064,0.037847834168421975,0.22791402235466152,-0.02148849557743573,-0.09233753874279976,-0.0447020605641687,-0.2718881547786121,0.1561143515744708,0.005063763044983427
16,111,16_111,0.24555354590474632,0.27952914875075513,0.2003824649803302,-0.3936010585866212,-0.10696568400080321,0.11631190966346683,0.2213372961289872,0.12415019514454152,0.1812356227374463,0.12289288616859852,0.19707747590317937,-0.14795765083239756,-2.311644000710601,0.09880982194586845,0.03366721078989921,-0.048095422434992124,0.06851643827198546,0.03453818118619525,-0.17623325801693346,0.03199241836096879,0.1858000081934884,0.08601728748949969,0.15911533550354484,-0.09181529344566206,-0.025371245579861004,0.26262451046800306,0.17137765235972102,-0.033611746884911406,-0.21781601367151568,-0.10726756298217266,0.2144927719946941,-0.13129058632688415,0.25053462325993425,-0.03643825898969961,0.5743186771001069,-0.18837688678912964,0.10938987098972028,-0.22737669551243206,-0.11700836821369359,0.301291105766911,-0.7195622630955995,-0.06134560608972767,0.039163246372217915,0.24668722134958132,-0.00138223579109989,-0.10001580812576241,-0.08828117487194509,-0.2472523673976786,0.1622636759155454,-0.013419641216811507
16,112,16_112,0.2382687149213606,0.29202160491540063,0.18882284649998327,-0.36229992293742264,-0.0472708010203676,0.15393803396204675,0.2804155847472348,0.11891378547337032,0.23469845587492325,0.1745790293293232,0.1686923138370863,-0.18495940763975516,-2.3216815940784605,0.08231775980479387,0.04194916480252247,-0.05746644540912906,0.02353229276283518,-0.006178575301879044,-0.16036681566267075,0.08723899739855911,0.18338073119671566,0.0741266713680744,0.16820130370946612,-0.056023528584896516,-0.05443893294530303,0.288705885590818,0.12928599488576142,-0.023002152862236572,-0.2244827203168743,-0.08633190126085047,0.19191320505375148,-0.14966288728710117,0.2979707118892896,-0.006441031645439314,0.6067888629204186,-0.18273431740654109,0.13187481230827902,-0.2107597647177244,-0.11235836608887367,0.31074162435867,-0.6925673873655582,-0.033633945107569896,0.056105119681765396,0.17962689780279617,0.00746913512729192,-0.07908929730216147,-0.08212657602964325,-0.24065778571249016,0.15860369935922136,-0.0038520686480143433
16,113,16_113,0.26657153936858113,0.23922139842163873,0.20732699438828875,-0.36152348403592366,-0.03851648605888005,0.11994864201626262,0.24739973817675098,0.09819827653480241,0.19737319378559856,0.0756869905470946,0.17884809369436855,-0.15886752680384528,-2.3271555391517844,0.09759430112757694,0.031155492839831357,-0.04340104051563587,0.058532769642644436,0.05055616249934443,-0.13954842938063036,0.05705106081692753,0.18456017477941272,0.07075161271715989,0.24399164796907555,-0.06692377346995715,-0.03743171655058521,0.2521042151603143,0.14469574280460742,-0.02701336930669542,-0.2279846687319396,-0.0752116547110868,0.2184718418438491,-0.14747122700713147,0.24510724676483486,-0.034494922258198966,0.5250716464543664,-0.16450895532160192,0.10034350768320306,-0.2462645609447783,-0.19603271841298084,0.26173426855254817,-0.6556961572578026,-0.007241279936420757,0.06006572897313163,0.2168412172965504,0.03083741349432416,-0.10956726980873861,0.003288762998213438,-0.2371190454619323,0.12616073103948824,0.04093097349427439
16,114,16_114,0.22580470292854848,0.2668982078109614,0.19862709710647286,-0.36062961452725256,-0.03940505795227834,0.11813049336217434,0.26318384878422046,0.0797710672157318,0.22530317822038526,0.15140131395008835,0.16127854261683733,-0.1595298153951804,-2.28760600082501,0.06752758856564102,0.01568412103142232,-0.02780248399475834,0.0654135715084696,0.015817130202629762,-0.13376845917523358,0.07463007990942298,0.1613904191298655,0.07074327125552703,0.18738859586624634,-0.06395405623238684,-0.04681447539328611,0.2911351363943664,0.11986161785604751,-0.016943796387299745,-0.24996567742000664,-0.0897997272073884,0.21079704084614706,-0.14406972840647955,0.2589969040846247,-0.04422503705853784,0.552516648670508,-0.20005968064798813,0.08521630345359256,-0.23954901129308373,-0.15349280289515402,0.265246943067383,-0.6930383915702502,-0.008192846482599653,0.0581924238751085,0.15945297257793653,-0.02847038269880218,-0.0954030198621272,-0.035406539688288705,-0.2504752261923965,0.14275323114160335,0.019762978390461268
16,115,16_115,0.24119447152863474,0.25893088744983,0.19488373650064533,-0.3295120851265544,-0.0418548720179465,0.0875847751226405,0.2847137915049779,0.0766582491032363,0.20309292016540992,0.1047563107580224,0.14889686061143678,-0.1513149499883281,-2.4559441894451353,0.08099903425318189,0.01958397921036057,-0.02981012464040256,0.043237064423861896,0.028920933718178818,-0.13839626568988797,0.08042720351287688,0.14319200818352598,0.06305014987431586,0.2052684728764592,-0.09262800857206767,-0.015506217955918784,0.2906107781256767,0.1199385710357827,-0.020866880260229585,-0.22555243168174824,-0.09052988200725869,0.20670419373376756,-0.1430334928197826,0.23694717952860223,-0.04862856190339563,0.5240763346862761,-0.1524457690897992,0.0833104273943389,-0.1972694913930993,-0.13955964085285583,0.2817058906731929,-0.6501834515601079,-0.012427360003942902,0.08394545317826263,0.15327400889432186,0.01091243850285227,-0.0996582367839205,0.0027720170204547493,-0.21285003728847554,0.11833492255097186,0.012272446650077906
16,116,16_116,0.22388617282110948,0.23318556651737218,0.19364318463620014,-0.34978653870124476,-0.05145602603946687,0.09121115509837043,0.2361120157248269,0.10288155669359884,0.18945969180360686,0.12438896477313112,0.1752390121915736,-0.17222485104754853,-2.212263843259559,0.09983899575980523,0.03289003950731757,-0.05618723251301652,0.05689320227520511,0.037381830248005614,-0.15157536074940042,0.062287925422704296,0.1423262419483273,0.09100121555191155,0.18131624670170893,-0.1092225249852233,-0.03465890465975882,0.2215958002897633,0.14919678265813183,-0.034273283188388,-0.21817152817451502,-0.09479946056811829,0.21056415673480772,-0.12577994913772272,0.2524670172603622,-0.06229368938903253,0.5049587413668633,-0.15900966186598872,0.08078677204405092,-0.22721852964157455,-0.13733905163238747,0.264379953430482,-0.713508985079198,-0.04100278681905296,0.05164722675223087,0.18922867857495126,-0.021882716105700147,-0.08521216951087879,-0.06093070096596001,-0.22346982143076624,0.11742352032160852,-0.0423478126736322
16,117,16_117,0.23503080839762772,0.25974068851632615,0.20630531991686563,-0.3525843405654017,-0.02897524393259652,0.09360581364694841,0.27514131997617647,0.08743450746840585,0.1645890943360228,0.06468535965123855,0.11865189965801273,-0.15256802589860488,-2.4361433047282546,0.08004693230240752,0.011057153376942217,-0.03517645617953368,0.03391209839575999,0.018843585054005397,-0.1796736779990154,0.07710886485471866,0.16598049982722046,0.07400196315639629,0.2543420650473627,-0.1032995362127522,-0.04687298131018154,0.28690457197676417,0.1445587737041718,-0.02567646685914153,-0.21478693587666198,-0.10457228325044084,0.2203964314834639,-0.12647463412923965,0.2496616962894587,-0.04438219128524342,0.5183611248898858,-0.14020109161899624,0.0946777073169355,-0.20260408889101464,-0.15951722619548156,0.27892955057991015,-0.6163327490718336,-0.020150826174941676,0.09759965208312399,0.187643683454764,-0.001881620127566253,-0.12996551559114128,-0.0037110449494754715,-0.2331352185689793,0.11447225929874502,0.024608527381171547
16,118,16_118,0.2341433428786695,0.2538857931380626,0.23931925715785474,-0.33755897502042354,-0.02812754743511323,0.10251400845113676,0.23823098769062198,0.1119097444145009,0.19785405305464518,0.0995051074931398,0.16694627101160586,-0.1873334894895088,-2.26773543651402,0.08183393194992095,0.051504566855961456,-0.06461189374365495,0.030724462329410018,0.02319114093738608,-0.11940814763680101,0.08361257761856541,0.16300364063866438,0.08734358889772556,0.23913530326448382,-0.09845243317447602,-0.03927131674927659,0.2767457924336195,0.12941159624420107,-0.03399906734909746,-0.2164730279315263,-0.10756289220787585,0.2225273767169565,-0.1554886343255639,0.28629211522188414,-0.06587002511369064,0.5106654486842453,-0.12571386811882257,0.1278168252571486,-0.23128716959245502,-0.19056540684995707,0.2968688128255308,-0.649469138121698,-0.06557349116774276,0.07253431768843438,0.18166393413767218,-0.036056105505675076,-0.0761539576209616,-0.04149152688216418,-0.2458317591007799,0.15954339561611414,-0.01204370496806223
16,119,16_119,0.2390225993060484,0.27948653664880935,0.21705455696366432,-0.3330361187419098,-0.0637901489602001,0.12842594616225425,0.291076044902491,0.11315636787740416,0.1814629099176035,0.12837384182610245,0.17474252193373585,-0.15595672287384393,-2.341612323132126,0.08643557692842253,0.09780861149567995,-0.06122991280145099,0.06520615080207219,0.003955302292315568,-0.12860672838275258,0.08795469770579557,0.1493352073989484,0.1123859336079895,0.23515502075173483,-0.07351241058723527,-0.049187725528106026,0.28063333812023705,0.12168531988055618,-0.024423061858934433,-0.2564075111512108,-0.09341792995921411,0.19740903278559654,-0.14184722312801526,0.25898029273278517,-0.04540106570344087,0.531272145762118,-0.14608975242051045,0.09422664661998845,-0.18903475470548067,-0.14452264891395455,0.2855952856307752,-0.6165401973047306,-0.034985358994746196,0.10120920806118038,0.17700813741801236,0.011403858546453174,-0.09750110280857412,-0.015498511595424355,-0.20314964727670579,0.14440396331293615,-0.017416905366145527
16,120,16_120,0.22216446639456766,0.3052101921486561,0.2643144784865863,-0.3926994866562443,-0.0754614078696757,0.09616569959971148,0.20283360447082036,0.07282365136090856,0.20661384232918775,0.13464995617716935,0.15630220211012807,-0.2192998867468484,-2.102878415321006,0.0917334326528659,0.11597721885125942,-0.12378479742777072,0.06628643431182837,0.05135142818975522,-0.12862377131593788,0.11082430176225452,0.24559387887346848,0.07571497167409937,0.2815514107858825,-0.13398139672757753,0.0013552094166020745,0.357549349724974,0.14784239206160577,0.018020216601054965,-0.2623040230151426,-0.1028408938986079,0.27605286684262625,-0.1927610832017444,0.32030160642691513,-0.017844488758429075,0.616512171027637,-0.2753713506389945,0.14573506453853785,-0.17944345559113498,-0.19488724051154263,0.3415562693913448,-0.6054106546971364,-0.04199401681373992,0.11750499541314119,0.24977196515284378,-0.05076135373959432,-0.11620321882125244,-0.025996509157152858,-0.32223533610068894,0.20978221884672452,-0.019825911674518644
16,121,16_121,0.2568584528823722,0.2981105522339792,0.27158116411867816,-0.37153636577268734,-0.07833730483454551,0.10458546064084898,0.23013801917595186,0.09120208072620524,0.20296028152138715,0.1395989238221595,0.1506779693745913,-0.2078422684727927,-2.2203459548119033,0.09059951781164481,0.10205720855818093,-0.08698183245040252,0.04428840136801594,0.04655016727410353,-0.1652340461447619,0.09643182812958873,0.2561618691312955,0.07889993894894755,0.2526807560149132,-0.09246935029307321,-0.0007699456021083837,0.3280852557513098,0.1320930926691618,-0.00657585133506715,-0.21748929660900299,-0.11267028971462455,0.2542437501040368,-0.17030520990173315,0.3150949635849367,-0.0169059594992727,0.5849444673091099,-0.22288032204146704,0.12509213800114755,-0.19361810017674125,-0.22588106504732064,0.32708328122340025,-0.6383011940405939,-0.060092379000759415,0.12739379946344243,0.2185999637940203,-0.05741405468350842,-0.12332241181491002,-0.035712388094822384,-0.2807186961747867,0.18683269798539717,0.004218394237256577
16,122,16_122,0.24643611544893732,0.30803117234605065,0.26165798953045183,-0.3379458895416539,-0.0765408683867892,0.1087017176019248,0.24849169159918008,0.08604599236573329,0.21252197984690238,0.13201184756860632,0.15301665685370938,-0.23979444713320489,-2.245735346642355,0.10302484144041582,0.08325001395789003,-0.06571992094774456,0.03386180472476015,0.04719301040028641,-0.15205432844437133,0.09494151488683324,0.25191151918812793,0.05642381678080962,0.2650680849371307,-0.07599667611730447,-0.012022066238617402,0.2923669855338669,0.12175272836190176,-0.01311297441556899,-0.2246449196392047,-0.13008464634370825,0.23871436358742992,-0.17047006708091927,0.3095964926833303,-0.03209548129087535,0.5682333155134551,-0.20451955796744484,0.12576826940920047,-0.20074251297638168,-0.1987970479224275,0.31093991264359494,-0.6265261795231364,-0.08958406382631114,0.11742938271139035,0.20319050893209742,-0.04572574159386149,-0.1116639242169603,-0.03720768012671911,-0.2670320748240574,0.16649150370220386,0.008024459445760823
16,123,16_123,0.27522125658218094,0.26505322946624005,0.23192953091954568,-0.3333896252041543,-0.054034642608746644,0.10033060098160307,0.25959372371078243,0.10719135879338079,0.22383906574253284,0.1419595528285869,0.1448678413022068,-0.1985637358567842,-2.2491615356349532,0.09406198085631856,0.0939372748249823,-0.045934292751135315,0.05549465597588986,0.03803694575438575,-0.1408660053633487,0.08654617890694848,0.20527417801420988,0.05516801554997443,0.20922888364558193,-0.07948821502320183,-0.0400131192924073,0.22613381103067967,0.1244305446396898,-0.044356432629237864,-0.1949632407212547,-0.10617223282108021,0.24037820812538968,-0.15351797178077253,0.28506074760959166,-0.036979038580247106,0.5599373522000437,-0.1947401960606773,0.11560505780122872,-0.19981681529622203,-0.21735976374065447,0.29547713877929543,-0.7344647420224951,-0.05191221037682863,0.10135557261475531,0.20683017751699398,-0.05864524049705157,-0.10232066704622685,-0.05626361428032863,-0.26536164515811134,0.14991298029747924,-0.01796200947116798
16,124,16_124,0.26777113089045074,0.26468465488515813,0.20637473443901827,-0.32344776529631336,-0.07907029031580647,0.1162853194683317,0.2192537491993229,0.09324801779331139,0.21555303364484016,0.15446280438266988,0.14012090876636016,-0.19237566263091788,-2.2379161050109744,0.09585520585433778,0.08606540244031186,-0.06077533349277895,0.06852128502838199,0.03942655014697623,-0.14172257063440555,0.05545791991579003,0.20527177171506364,0.06667272924154287,0.19978286928960476,-0.08872622571876983,-0.021266777290468664,0.25585253548840003,0.1482474398434375,-0.028387500085383245,-0.19122144698105686,-0.10862764170607142,0.23293706549007437,-0.15377100175078195,0.28334569756797784,-0.04758584884518125,0.5253675420059817,-0.1964491098064615,0.09439738995786824,-0.19843347045820914,-0.18576987933488787,0.27906920306212624,-0.697366601167297,-0.05721944361213454,0.0825990508405069,0.20947601396833126,-0.028144855381954124,-0.1091634915527581,-0.046139168166467605,-0.24228471861488382,0.13812109349508803,-0.006859777115999996
16,125,16_125,0.28148786161917067,0.2642927563614549,0.22372630431039253,-0.34437918471099294,-0.055768209637724504,0.11925932587524458,0.21688696932560877,0.09238371197549403,0.22758613547509532,0.11765208835928397,0.14768172382757616,-0.18941333923637496,-2.263514716168889,0.1096104134984333,0.07145944896079785,-0.03287851645035247,0.024293253617477313,0.05206495830030041,-0.15359095750510707,0.05089329085208271,0.21302098146595635,0.06559915169169185,0.21337688423837176,-0.07245838624179048,-0.0321746823182527,0.24579143045734883,0.15388502456837722,-0.02397127617516339,-0.21091744620521366,-0.12329203728721158,0.24189896276442044,-0.15471460239263832,0.27601998656255977,-0.060154453697562116,0.553569626260521,-0.18723546957670875,0.11697356319844611,-0.21510081592766125,-0.2407066474889029,0.27616904452652147,-0.7044674465595339,-0.06527307339889657,0.06063750624243563,0.22041550800870544,-0.040165057309735984,-0.12123259761823026,-0.05291440238769136,-0.23104515502419778,0.12635521245208753,0.0019169180552960556
16,126,16_126,0.2526789761607943,0.27662798903272623,0.23206645244209395,-0.33805931991411087,-0.0696785221531134,0.1364548247713312,0.24173247909999582,0.1192459327520453,0.22185964116217383,0.12637583221115778,0.16089251999721282,-0.2165926694495694,-2.35030542990667,0.13425257162748913,0.07569923965266345,-0.06213238901639567,0.031845345002968165,0.041740765386283046,-0.1430152326081623,0.09603139802140093,0.18793545345102386,0.04529851962034768,0.2069694361939117,-0.07899734133083296,-0.024831476968436884,0.23517664074604436,0.13164409517684555,-0.04139336419910231,-0.19103283240393248,-0.111910769482769,0.23550036130744195,-0.17306589640877418,0.270791107430575,-0.034452773884838334,0.560864091784818,-0.16501474312782835,0.10809078570693643,-0.20261600906832333,-0.19327006588999812,0.31542967005084044,-0.7217143056747685,-0.07269152894089355,0.10279344542873559,0.19187146702193103,-0.015285375067570646,-0.09702369940572289,-0.07510492356480396,-0.24868997387567246,0.12301182075650517,0.012880756819175845
16,127,16_127,0.2600226315797708,0.24627025422897578,0.23159616761834448,-0.3264827310501274,-0.06028205901824529,0.1241478471487255,0.27619157586697274,0.09765786995682917,0.22666803515903414,0.09712211414753558,0.12202107231812044,-0.19166525481966612,-2.3734860766411487,0.10639055655772016,0.05263347196682467,-0.051584099016207356,0.002673673302479325,0.03348122651396752,-0.1510109571271797,0.09800939233740068,0.16995951556471994,0.06975624006105206,0.2302839737784282,-0.07396643741624893,-0.01167170057700013,0.22954334880068425,0.1359889898731377,-0.018200260129495452,-0.194701754559494,-0.10989577742840179,0.23417514837131506,-0.13220411275913205,0.2570730696075489,-0.05735772344970674,0.5333827805463534,-0.16098329801033143,0.12224466294900499,-0.1910531346750442,-0.20796516077279098,0.28529195611568386,-0.6718744980299959,-0.05313733502375399,0.09304978274999158,0.15761618660555482,-0.002277177297355844,-0.09354513640565675,-0.033305868640654906,-0.21930024324361883,0.12115681864964732,0.01239560764859873
16,128,16_128,0.2677743482323954,0.2692226261516647,0.23390774585472748,-0.335868196226085,-0.06419826232190755,0.1278583749340103,0.2589995290057609,0.12587814458302313,0.25775982060901986,0.14887027389429533,0.13487222987488368,-0.22139800179360375,-2.2438935319461475,0.11255882719173892,0.07181311256792425,-0.04780765189161684,0.026290788429877268,0.014746856649985492,-0.13276548242356512,0.11697438117638873,0.17917169336574373,0.051584622127759244,0.16851689891842486,-0.051437332889735246,-0.023805963125707378,0.22245610700409132,0.10483230694306968,-0.025082381021958297,-0.2072585426510891,-0.12277145223498981,0.22170923336546744,-0.16140125048456488,0.2714984772908615,-0.055184105887126016,0.5517129854500725,-0.18958261851393463,0.125781956473408,-0.20422532835427995,-0.17795587729011547,0.2972248950227811,-0.7366593414023178,-0.046377961348852983,0.07541361603136643,0.16928530147046464,-0.057732144161979325,-0.05963738489308304,-0.08761505092156878,-0.23658309930015536,0.13327520302012022,0.0005167062792191622
16,129,16_129,0.26892923714791844,0.2372125783696719,0.25336288898429193,-0.35277809213547223,-0.04724845825936194,0.1129809221088448,0.25915220888109175,0.11906169407846322,0.22433244985380052,0.11336937067332552,0.13961456436865277,-0.21383527984639636,-2.3270694134711807,0.09565241567030787,0.07352206614782879,-0.0619615240473297,-0.0145740371808139,0.03565562213186955,-0.13395073045168804,0.10232315720929071,0.2088847248353518,0.07399376736324245,0.23359118428348746,-0.0774847187809195,-0.020770688902123555,0.22982588685977684,0.12428121475741419,-0.0011372091300998232,-0.1915996088130741,-0.10745100554817591,0.2585241173681639,-0.1537231451446661,0.27904421246729816,-0.04262751994020496,0.5166870459163349,-0.15092329881363467,0.1412741112874041,-0.23264851512961013,-0.24324660977690277,0.3050466757428842,-0.7127771691248388,-0.03833968799873851,0.1049571616905838,0.15053042374929143,-0.03830832905002312,-0.09191091016424775,-0.06767050629710476,-0.24960044614554167,0.13495786857093256,0.0033200599203227817
